model,scenario,region,sector,product_category,product_long,product_short,flow_category,flow_long,flow_short,unit,1990,1991,1992,1993,1994,1995,1996,1997,1998,1999,2000,2001,2002,2003,2004,2005,2006,2007,2008,2009,2010,2011,2012,2013,2014,2015,2016,2017,2018,2019,2020,2021,2022,2023,2024,2025,2026,2027,2028,2029,2030,2031,2032,2033,2034,2035,2036,2037,2038,2039,2040,2041,2042,2043,2044,2045,2046,2047,2048,2049,2050,2051,2052,2053,2054,2055,2056,2057,2058,2059,2060,2061,2062,2063,2064,2065,2066,2067,2068,2069,2070,2071,2072,2073,2074,2075,2076,2077,2078,2079,2080,2081,2082,2083,2084,2085,2086,2087,2088,2089,2090,2091,2092,2093,2094,2095,2096,2097,2098,2099,2100
PD22,pathway,japan,Agriculture,Emissions,Agroforestry,EM,Emissions,CO2e,AFOLU,Mt,0.0,0.0,0.0,0.0,0.0,0.0,0.0,0.0,0.0,0.0,0.0,0.0,0.0,0.0,0.0,0.0,0.0,0.0,0.0,0.0,0.0,0.0,0.0,0.0,0.0,0.0,0.0,0.0,0.0,0.0,0.0,0.04788381331147315,0.0980393787012453,0.15038683125544244,0.20479638645934475,0.2610830265781923,0.3190022305272717,0.37824717527250107,0.4384478275271289,0.49917229541873176,0.5599307166993802,0.6201818238423434,0.6793421541604121,0.7367976785743137,0.7919174250789296,0.8440684947752404,0.8926317319482029,0.9370172336146119,0.9766788795338172,1.0111271326994122,1.0399394947041631,1.0627681834494014,1.0793448102231804,1.0894820451792353,1.0930724526950275,1.0900848339691362,1.080857839405517,1.0664264141291617,1.0470604083769384,1.0230822657354581,0.9948576701140872,0.9627862556887414,0.9272926372538142,0.8888179415774444,0.8478119523765713,0.8047259264229962,0.7600060978554062,0.7140878619378661,0.6673906167598727,0.620313239185011,0.5732301765736258,0.5264881450346048,0.48040343490463705,0.4352598319245225,0.39130716597728615,0.34876049695408645,0.3077999389963339,0.26857111068366585,0.23118618119169404,0.19572546310634426,0.16223948376983233,0.13075145095087737,0.10126001705298376,0.07374224012113956,0.048156639957116276,0.02444625336323475,0.0025416029845726773,-0.01763649189150779,-0.03918699216256949,-0.05877197567825848,-0.07652841056031301,-0.09258979092709202,-0.10708506481702645,-0.12013779618366738,-0.13186554419024887,-0.14237943843415168,-0.15178392614072783,-0.16017666643675754,-0.16764854717950822,-0.1742838011258115,-0.1801602001628375,-0.1853493086249301,-0.18991677917982858,-0.19392267722579798,-0.1974218220879515,-0.200464135465592,-0.20309498952194538,-0.20535554870596145,-0.2072831008526025,-0.20891137433443113,-0.21027083905166205
PD22,pathway,japan,Agriculture,Emissions,Biochar,EM,Emissions,CO2e,AFOLU,Mt,,,,,,,,,,,,,,,,,,,,,,,,,,,,,,,,,,,,,,,,,,,,,,,,,,,,,,,,,,,,,,,,,,,,,,,,,,,,,,,,,,,,,,,,,,,,,,,,,,,,,,,,,,,,,,,
PD22,pathway,japan,Agriculture,Emissions,Burning - Crop residues,EM,Emissions,CO2e,AFOLU,Mt,0.0,0.0,0.0,0.0,0.0,0.0,0.0,0.0,0.0,0.0,0.0,0.0,0.0,0.0,0.0,0.0,0.0,0.0,0.0,0.0,0.0,0.0,0.0,0.0,0.0,0.0,0.0,0.0,0.0,0.0,0.0,0.0,0.0,0.0,0.0,0.0,0.0,0.0,0.0,0.0,0.0,0.0,0.0,0.0,0.0,0.0,0.0,0.0,0.0,0.0,0.0,0.0,0.0,0.0,0.0,0.0,0.0,0.0,0.0,0.0,0.0,0.0,0.0,0.0,0.0,0.0,0.0,0.0,0.0,0.0,0.0,0.0,0.0,0.0,0.0,0.0,0.0,0.0,0.0,0.0,0.0,0.0,0.0,0.0,0.0,0.0,0.0,0.0,0.0,0.0,0.0,0.0,0.0,0.0,0.0,0.0,0.0,0.0,0.0,0.0,0.0,0.0,0.0,0.0,0.0,0.0,0.0,0.0,0.0,0.0,0.0
PD22,pathway,japan,Agriculture,Emissions,Crop Residues,EM,Emissions,CO2e,AFOLU,Mt,0.0,0.0,0.0,0.0,0.0,0.0,0.0,0.0,0.0,0.0,0.0,0.0,0.0,0.0,0.0,0.0,0.0,0.0,0.0,0.0,0.0,0.0,0.0,0.0,0.0,0.0,0.0,0.0,0.0,0.0,0.0,0.0,0.0,0.0,0.0,0.0,0.0,0.0,0.0,0.0,0.0,0.0,0.0,0.0,0.0,0.0,0.0,0.0,0.0,0.0,0.0,0.0,0.0,0.0,0.0,0.0,0.0,0.0,0.0,0.0,0.0,0.0,0.0,0.0,0.0,0.0,0.0,0.0,0.0,0.0,0.0,0.0,0.0,0.0,0.0,0.0,0.0,0.0,0.0,0.0,0.0,0.0,0.0,0.0,0.0,0.0,0.0,0.0,0.0,0.0,0.0,0.0,0.0,0.0,0.0,0.0,0.0,0.0,0.0,0.0,0.0,0.0,0.0,0.0,0.0,0.0,0.0,0.0,0.0,0.0,0.0
PD22,pathway,japan,Agriculture,Emissions,Cropland Soil Health,EM,Emissions,CO2e,AFOLU,Mt,,,,,,,,,,,,,,,,,,,,,,,,,,,,,,,,,,,,,,,,,,,,,,,,,,,,,,,,,,,,,,,,,,,,,,,,,,,,,,,,,,,,,,,,,,,,,,,,,,,,,,,,,,,,,,,
PD22,pathway,japan,Agriculture,Emissions,Enteric Fermentation,EM,Emissions,CO2e,AFOLU,Mt,0.0,0.0,0.0,0.0,0.0,0.0,0.0,0.0,0.0,0.0,0.0,0.0,0.0,0.0,0.0,0.0,0.0,0.0,0.0,0.0,0.0,0.0,0.0,0.0,0.0,0.0,0.0,0.0,0.0,0.0,0.0,0.0,0.0,0.0,0.0,0.0,0.0,0.0,0.0,0.0,0.0,0.0,0.0,0.0,0.0,0.0,0.0,0.0,0.0,0.0,0.0,0.0,0.0,0.0,0.0,0.0,0.0,0.0,0.0,0.0,0.0,0.0,0.0,0.0,0.0,0.0,0.0,0.0,0.0,0.0,0.0,0.0,0.0,0.0,0.0,0.0,0.0,0.0,0.0,0.0,0.0,0.0,0.0,0.0,0.0,0.0,0.0,0.0,0.0,0.0,0.0,0.0,0.0,0.0,0.0,0.0,0.0,0.0,0.0,0.0,0.0,0.0,0.0,0.0,0.0,0.0,0.0,0.0,0.0,0.0,0.0
PD22,pathway,japan,Agriculture,Emissions,Improved Rice,EM,Emissions,CO2e,AFOLU,Mt,0.0,0.0,0.0,0.0,0.0,0.0,0.0,0.0,0.0,0.0,0.0,0.0,0.0,0.0,0.0,0.0,0.0,0.0,0.0,0.0,0.0,0.0,0.0,0.0,0.0,0.0,0.0,0.0,0.0,0.0,0.0,0.015176255060313951,0.028754672104472613,0.04079869271278281,0.051379304566383996,0.060572912361560725,0.06845940264438206,0.07512043443366045,0.08063797045656976,0.08509305002673753,0.0885647941321051,0.09112962595669408,0.09286068544251574,0.09382741412383806,0.09409528583852358,0.0937256595739786,0.0927757322312174,0.09129857115360657,0.08934320860356243,0.08695478278431695,0.0841747123567553,0.08104089360225045,0.07758791137823648,0.0738472567780891,0.06984754593523745,0.06561473571114068,0.061172333093641396,0.05654159602774375,0.051741724127214894,0.046790038296059766,0.04170214874551059,0.03603355607538422,0.030881968288317463,0.02621135761320703,0.02198661007258995,0.018173807479125725,0.0147404478624385,0.011655608738009138,0.008890058839128023,0.006416324614434588,0.0042087180379769,0.002243332182536195,0.0004980106627872072,-0.001047703454706117,-0.002412634283351811,-0.003614050945742797,-0.004667752902311695,-0.005588159698804884,-0.006388402621048228,-0.0070804162556478145,-0.007675028401988915,-0.008182047164073447,-0.008610344373324308,-0.00896793476029728,-0.009262050510120912,-0.009499211009647124,-0.009685287729907455,-0.009825564291373046,-0.009924791837030766,-0.00998723989417466,-0.010016742944208568,-0.010016742944208568,-0.010016742944208568,-0.010016742944208568,-0.010016742944208568,-0.010016742944208568,-0.010016742944208568,-0.010016742944208568,-0.010016742944208568,-0.010016742944208568,-0.010016742944208568,-0.010016742944208568,-0.010016742944208568,-0.010016742944208568,-0.010016742944208568,-0.010016742944208568,-0.010016742944208568,-0.010016742944208568,-0.010016742944208568,-0.010016742944208568,-0.010016742944208568
PD22,pathway,japan,Agriculture,Emissions,Manure Management,EM,Emissions,CO2e,AFOLU,Mt,0.0,0.0,0.0,0.0,0.0,0.0,0.0,0.0,0.0,0.0,0.0,0.0,0.0,0.0,0.0,0.0,0.0,0.0,0.0,0.0,0.0,0.0,0.0,0.0,0.0,0.0,0.0,0.0,0.0,0.0,0.0,0.0,0.0,0.0,0.0,0.0,0.0,0.0,0.0,0.0,0.0,0.0,0.0,0.0,0.0,0.0,0.0,0.0,0.0,0.0,0.0,0.0,0.0,0.0,0.0,0.0,0.0,0.0,0.0,0.0,0.0,0.0,0.0,0.0,0.0,0.0,0.0,0.0,0.0,0.0,0.0,0.0,0.0,0.0,0.0,0.0,0.0,0.0,0.0,0.0,0.0,0.0,0.0,0.0,0.0,0.0,0.0,0.0,0.0,0.0,0.0,0.0,0.0,0.0,0.0,0.0,0.0,0.0,0.0,0.0,0.0,0.0,0.0,0.0,0.0,0.0,0.0,0.0,0.0,0.0,0.0
PD22,pathway,japan,Agriculture,Emissions,Manure applied to Soils,EM,Emissions,CO2e,AFOLU,Mt,0.0,0.0,0.0,0.0,0.0,0.0,0.0,0.0,0.0,0.0,0.0,0.0,0.0,0.0,0.0,0.0,0.0,0.0,0.0,0.0,0.0,0.0,0.0,0.0,0.0,0.0,0.0,0.0,0.0,0.0,0.0,0.0,0.0,0.0,0.0,0.0,0.0,0.0,0.0,0.0,0.0,0.0,0.0,0.0,0.0,0.0,0.0,0.0,0.0,0.0,0.0,0.0,0.0,0.0,0.0,0.0,0.0,0.0,0.0,0.0,0.0,0.0,0.0,0.0,0.0,0.0,0.0,0.0,0.0,0.0,0.0,0.0,0.0,0.0,0.0,0.0,0.0,0.0,0.0,0.0,0.0,0.0,0.0,0.0,0.0,0.0,0.0,0.0,0.0,0.0,0.0,0.0,0.0,0.0,0.0,0.0,0.0,0.0,0.0,0.0,0.0,0.0,0.0,0.0,0.0,0.0,0.0,0.0,0.0,0.0,0.0
PD22,pathway,japan,Agriculture,Emissions,Manure left on Pasture,EM,Emissions,CO2e,AFOLU,Mt,0.0,0.0,0.0,0.0,0.0,0.0,0.0,0.0,0.0,0.0,0.0,0.0,0.0,0.0,0.0,0.0,0.0,0.0,0.0,0.0,0.0,0.0,0.0,0.0,0.0,0.0,0.0,0.0,0.0,0.0,0.0,0.0,0.0,0.0,0.0,0.0,0.0,0.0,0.0,0.0,0.0,0.0,0.0,0.0,0.0,0.0,0.0,0.0,0.0,0.0,0.0,0.0,0.0,0.0,0.0,0.0,0.0,0.0,0.0,0.0,0.0,0.0,0.0,0.0,0.0,0.0,0.0,0.0,0.0,0.0,0.0,0.0,0.0,0.0,0.0,0.0,0.0,0.0,0.0,0.0,0.0,0.0,0.0,0.0,0.0,0.0,0.0,0.0,0.0,0.0,0.0,0.0,0.0,0.0,0.0,0.0,0.0,0.0,0.0,0.0,0.0,0.0,0.0,0.0,0.0,0.0,0.0,0.0,0.0,0.0,0.0
PD22,pathway,japan,Agriculture,Emissions,Nitrogen Fertilizer Management,EM,Emissions,CO2e,AFOLU,Mt,,,,,,,,,,,,,,,,,,,,,,,,,,,,,,,,,,,,,,,,,,,,,,,,,,,,,,,,,,,,,,,,,,,,,,,,,,,,,,,,,,,,,,,,,,,,,,,,,,,,,,,,,,,,,,,
PD22,pathway,japan,Agriculture,Emissions,Optimal Intensity,EM,Emissions,CO2e,AFOLU,Mt,0.0,0.0,0.0,0.0,0.0,0.0,0.0,0.0,0.0,0.0,0.0,0.0,0.0,0.0,0.0,0.0,0.0,0.0,0.0,0.0,0.0,0.0,0.0,0.0,0.0,0.0,0.0,0.0,0.0,0.0,0.0,1.0294065854153937e-05,8.892166458489173e-05,0.00017284308802111665,0.000262414751492495,0.0003579818020524107,0.00045986823230420685,0.0005683651317399882,0.000683717039008558,0.0008061064549288845,0.0009356367024962206,0.0010723134763773593,0.00121602560660129,0.0013665257606647176,0.001523412010770349,0.0016861113781560175,0.0018538666089907613,0.0020257275074325428,0.002200548122716813,0.0023769909351146028,0.0025535388972746658,0.0027285157655770652,0.002900114622816155,0.00306643389116626,0.0032255195224983033,0.003375411501313188,0.0035141923731806506,0.0036400352760349837,0.0037512489379562986,0.0038463173188291446,0.003923931989411818,0.003983015908324164,0.00402308104195214,0.004045836473468875,0.004051213693123695,0.004039400975261377,0.004010826028484319,0.0039661335550742974,0.0039061592503493404,0.003831901685215991,0.0037444933409145134,0.0036451718387774433,0.0035352521622554426,0.0034161004304932227,0.0032891095722157497,0.0031556770780303963,0.003017184884024286,0.0028749813595295784,0.002730365332458567,0.002584572078834114,0.0024387612193018052,0.002294006493993369,0.002151287417904146,0.002011482843013894,0.001875366463894721,0.0017436042964309316,0.0016167541335169605,0.001495266939238049,0.0013794900887011215,0.001269672300798608,0.0011659700529300238,0.0010684552169005763,0.00097712361935806,0.0008919042116919083,0.0008126685344727275,0.0007392401791927714,0.0006714039824306879,0.00060891473057615,0.0005421752961895062,0.0004815228423778419,0.00042653319453459014,0.00037679293664429064,0.0003319027313810397,0.00029147991531397206,0.0002551604211610051,0.00022260009327008815,0.0001934754705310117,0.00016748411379841825,0.00014434455377413177,0.0001237959312448131,0.00010559739557146873
PD22,pathway,japan,Agriculture,Emissions,Rice Cultivation,EM,Emissions,CO2e,AFOLU,Mt,0.0,0.0,0.0,0.0,0.0,0.0,0.0,0.0,0.0,0.0,0.0,0.0,0.0,0.0,0.0,0.0,0.0,0.0,0.0,0.0,0.0,0.0,0.0,0.0,0.0,0.0,0.0,0.0,0.0,0.0,0.0,0.0,0.0,0.0,0.0,0.0,0.0,0.0,0.0,0.0,0.0,0.0,0.0,0.0,0.0,0.0,0.0,0.0,0.0,0.0,0.0,0.0,0.0,0.0,0.0,0.0,0.0,0.0,0.0,0.0,0.0,0.0,0.0,0.0,0.0,0.0,0.0,0.0,0.0,0.0,0.0,0.0,0.0,0.0,0.0,0.0,0.0,0.0,0.0,0.0,0.0,0.0,0.0,0.0,0.0,0.0,0.0,0.0,0.0,0.0,0.0,0.0,0.0,0.0,0.0,0.0,0.0,0.0,0.0,0.0,0.0,0.0,0.0,0.0,0.0,0.0,0.0,0.0,0.0,0.0,0.0
PD22,pathway,japan,Agriculture,Emissions,Synthetic Fertilizers,EM,Emissions,CO2e,AFOLU,Mt,0.0,0.0,0.0,0.0,0.0,0.0,0.0,0.0,0.0,0.0,0.0,0.0,0.0,0.0,0.0,0.0,0.0,0.0,0.0,0.0,0.0,0.0,0.0,0.0,0.0,0.0,0.0,0.0,0.0,0.0,0.0,0.0,0.0,0.0,0.0,0.0,0.0,0.0,0.0,0.0,0.0,0.0,0.0,0.0,0.0,0.0,0.0,0.0,0.0,0.0,0.0,0.0,0.0,0.0,0.0,0.0,0.0,0.0,0.0,0.0,0.0,0.0,0.0,0.0,0.0,0.0,0.0,0.0,0.0,0.0,0.0,0.0,0.0,0.0,0.0,0.0,0.0,0.0,0.0,0.0,0.0,0.0,0.0,0.0,0.0,0.0,0.0,0.0,0.0,0.0,0.0,0.0,0.0,0.0,0.0,0.0,0.0,0.0,0.0,0.0,0.0,0.0,0.0,0.0,0.0,0.0,0.0,0.0,0.0,0.0,0.0
PD22,pathway,japan,Commercial,Biofuels and Waste,Industrial waste,INDWASTE,Final consumption,CO2e,COMMPUB,Mt,0.0,0.0,0.0,0.0,0.0,0.0,0.0,0.0,0.0,0.0,0.0,0.0,0.0,0.0,0.0,0.0,0.0,0.0,0.0,0.0,0.0,0.0,0.0,0.0,0.0,0.0,0.0,0.0,0.0,0.0,0.0,0.0,0.02408734714276095,0.051945282997174935,0.08399535566014316,0.12064511561106062,0.16238495833831035,0.2094608001661633,0.2620768945100751,0.3202932471673752,0.3839876905012296,0.4536708371601512,0.5281911818293841,0.6067613839474586,0.6883721074719638,0.7718346862474036,0.8522385681135037,0.9312003573742723,1.0074639221916872,1.0799147141510228,1.1476370194878858,1.2101991939773218,1.2669350128588635,1.3176365183113532,1.362302610832566,1.401102241822493,1.4361144497830605,1.466005644030605,1.491198217690618,1.5121404045473874,1.5292830398155828,1.5399907705341405,1.5498663079736608,1.5571693806725555,1.5622448491068728,1.565399784519809,1.566904529019418,1.5669948928574935,1.5658750030313657,1.5637204508597564,1.560681494756194,1.556886158555711,1.5524431283554243,1.547444395710611,1.5419676260060022,1.536078251301846,1.529831299760972,1.5232729811287813,1.5164420513631052,1.5093709806520612,1.5020869486207238,1.4946126891476372,1.4869672053255878,1.4791663729976314,1.4712234491653209,1.463149499515338,1.454953757407942,1.4466439249468728,1.43822642521646,1.4297066134240644,1.4210889535141287,1.412377165808901,1.4035743503639373,1.3946830899866425,1.3857055362374349,1.3766434812006558,1.367498417362468,1.3582715875538998,1.3489640265980587,1.339576596032674,1.330110013054208,1.3205648746412697,1.310941677657345,1.3012408356007126,1.2914626925590107,1.2816075348336216,1.2716756006218883,1.2616670880808554,1.2515821620423435,1.2414209596044368,1.2311835947869065
PD22,pathway,japan,Commercial,Biofuels and Waste,Primary solid biofuels,PRIMSBIO,Final consumption,CO2e,COMMPUB,Mt,0.0,0.0,0.0,0.0,0.0,0.0,0.0,0.0,0.0,0.0,0.0,0.0,0.0,0.0,0.0,0.0,0.0,0.0,0.0,0.0,0.0,0.0,0.0,0.0,0.0,0.0,0.0,0.0,0.0,0.0,0.0,0.0,0.06736327905883766,0.14577187876907427,0.23651452198079337,0.3408545156075986,0.4601029609113674,0.5951760342602705,0.7467731795938404,0.9151857190113244,1.1001824512449345,1.3013213385718414,1.5167839585455334,1.7443441966489912,1.981126123817618,2.2237238449987267,2.469161123903094,2.712923375432786,2.9512428150369625,3.1806894611414522,3.3983528704228885,3.6030967665154874,3.7923062772961087,3.9650619710361727,4.121060105874593,4.260517141091155,4.3854392708896635,4.495412224791561,4.5915334922173585,4.67500477819833,4.747061012675902,4.806534723783273,4.858610291810234,4.902721494622945,4.939853019594767,4.970889448977998,4.996615801461374,5.01772185304557,5.034808777115596,5.048397021078364,5.058934650752557,5.066805641701302,5.0723377848345725,5.075810011270483,5.07745903873228,5.07748530799521,5.076058221031789,5.073320718940329,5.069393252440475,5.064377204421057,5.058357825455111,5.051406741318664,5.0435840877241835,5.034940322643077,5.025517761362836,5.015351874195549,5.004472381768937,4.992904178222064,4.980668108456413,4.96778162188168,4.954259321828597,4.940113426954693,4.92535415850696,4.909990065185428,4.8940282955391385,4.877474826277993,4.860334653568059,4.842611953263199,4.82431021507963,4.8054323549235995,4.785980808908074,4.765957612026866,4.745364463978072,4.724202784225444,4.702473758050157,4.680178375060975,4.657317461392796,4.633891706624713,4.609901686279821,4.585347880629962,4.560230690409987
PD22,pathway,japan,Commercial,Coal,Coke oven coke,OVENCOKE,Final consumption,CO2e,COMMPUB,Mt,0.0,0.0,0.0,0.0,0.0,0.0,0.0,0.0,0.0,0.0,0.0,0.0,0.0,0.0,0.0,0.0,0.0,0.0,0.0,0.0,0.0,0.0,0.0,0.0,0.0,0.0,0.0,0.0,0.0,0.0,0.0,0.0,0.0029259256976721937,0.006048388452878306,0.00937800477691747,0.012924713419304013,0.016711986742097396,0.020740328384799056,0.02501645988883877,0.029544900788606165,0.034327451787583896,0.039461205376241426,0.044871879668805015,0.050552889201015416,0.056492775216439195,0.0626746905892197,0.06915216900636373,0.07583683432747768,0.08269490017489506,0.0896863923399231,0.0967654845232869,0.10409534840285126,0.11144085438553375,0.11874407420493538,0.12594475077075706,0.13298179941373148,0.1401278058070965,0.1470299619748953,0.15363304248069307,0.15988667604736834,0.16574657321946598,0.17048465423123088,0.17520858608104367,0.1794373056074235,0.18315882837390368,0.1863689047115803,0.18907044044592258,0.19127273507295992,0.19299059794604828,0.19424340095096604,0.19505411995658228,0.19544840845603165,0.1954537366503828,0.19509861896043357,0.19441194347445365,0.19342240872343056,0.19215806670261956,0.19064596627676095,0.18891188789825697,0.18698015871429538,0.18487353637651519,0.18261314992615013,0.18021848676159444,0.17770741569326742,0.17509623728398024,0.17239975393444995,0.1696313534135,0.16680310069156903,0.1639258339801614,0.16100926179267613,0.15806205862029796,0.15509195746581553,0.15210583800889135,0.14910980960166614,0.14610928862799036,0.14310907001695464,0.140113392894887,0.13712600050139462,0.13415019459462693,0.13118888463748615,0.12824463209748435,0.12531969021428463,0.12241603959573122,0.11953541999925456,0.11667935864405914,0.11384919538296348,0.11104610504298389,0.10827111722216275,0.10552513380785973,0.10280894445941134,0.10012324027638542
PD22,pathway,japan,Commercial,Coal,Gas works gas,GASWKSGS,Final consumption,CO2e,COMMPUB,Mt,0.0,0.0,0.0,0.0,0.0,0.0,0.0,0.0,0.0,0.0,0.0,0.0,0.0,0.0,0.0,0.0,0.0,0.0,0.0,0.0,0.0,0.0,0.0,0.0,0.0,0.0,0.0,0.0,0.0,0.0,0.0,0.0,2.3894271829729216e-07,5.010044576727842e-07,7.880594004835146e-07,1.1020295483762078e-06,1.4460862771059017e-06,1.821569764468951e-06,2.230448685811301e-06,2.6746024383516003e-06,3.155765628518144e-06,3.672113733740031e-06,4.2272394456781886e-06,4.821929241825634e-06,5.456532857278677e-06,6.130884859805752e-06,6.84465149291586e-06,7.596091334557555e-06,8.383090180368799e-06,9.202790057759087e-06,1.005157884280547e-05,1.0926699643586803e-05,1.1821781425105227e-05,1.2731186919563995e-05,1.3648780609420631e-05,1.4568067593928295e-05,1.548529690696464e-05,1.639114119926106e-05,1.7279020511813963e-05,1.814267311590008e-05,1.8976311959367615e-05,1.9768650000041128e-05,2.0525274028374547e-05,2.1238435732583308e-05,2.1905281632064933e-05,2.2523780244093057e-05,2.30926956624342e-05,2.361153656318661e-05,2.40804863579639e-05,2.4500320468162325e-05,2.4872316443018912e-05,2.5198162016199144e-05,2.547986533045706e-05,2.5719670588206355e-05,2.5919981415640745e-05,2.6083293338108118e-05,2.6212136003835346e-05,2.630902518469327e-05,2.6376424128945397e-05,2.6416713530174415e-05,2.6432169188815244e-05,2.6424946354333785e-05,2.639706972324436e-05,2.635042810906322e-05,2.6286772876321714e-05,2.6207719326952737e-05,2.6114750332291404e-05,2.6009221609393343e-05,2.5892368140823e-05,2.5765311329092844e-05,2.5629066558754718e-05,2.5484550910119934e-05,2.5332590828872437e-05,2.5173929606118463e-05,2.5009234564621128e-05,2.4839103880197966e-05,2.4664072993604548e-05,2.448462058876739e-05,2.4301174128925197e-05,2.411411495397472e-05,2.392378295084255e-05,2.3730480814677218e-05,2.353447792261446e-05,2.333601384426138e-05,2.3135301514253724e-05,2.2932530092548033e-05,2.2727867537770318e-05,2.2521462918130735e-05,2.2313448483290478e-05,2.2103941519237704e-05,2.1893046006782357e-05
PD22,pathway,japan,Commercial,Coal,Other bituminous coal,BITCOAL,Final consumption,CO2e,COMMPUB,Mt,0.0,0.0,0.0,0.0,0.0,0.0,0.0,0.0,0.0,0.0,0.0,0.0,0.0,0.0,0.0,0.0,0.0,0.0,0.0,0.0,0.0,0.0,0.0,0.0,0.0,0.0,0.0,0.0,0.0,0.0,0.0,0.0,4.062005437841681e-06,8.396859429929166e-06,1.3019300671322982e-05,1.7943126933649654e-05,2.3200924438220223e-05,2.8793392377907557e-05,3.472986213725747e-05,4.101660809749646e-05,4.76561301400619e-05,5.4783219871102316e-05,6.22947532009709e-05,7.018158765839715e-05,7.842781527586787e-05,8.701004751795446e-05,9.600260415562807e-05,0.00010528279432112672,0.00011480371304693342,0.00012450986492070333,0.00013433763018715696,0.00014451353689631157,0.00015471115923138787,0.00016485007651276815,0.00017484663500014788,0.00018461603204152202,0.0001945366929974015,0.00020411882145293168,0.00021328574901448817,0.0002219675462229116,0.00023010272689314923,0.00023668051212195237,0.00024323865434586463,0.00024910930298363695,0.00025427582027644495,0.00025873230649203934,0.00026248279573110397,0.0002655401983021509,0.00026792507374088923,0.0002696643156575822,0.0002707898210017522,0.00027133720401633656,0.0002713446010443765,0.0002708515980987462,0.00026989829994756545,0.00026852454820028526,0.00026676928689344073,0.00026467006743708646,0.00026226268032922826,0.0002595808984726581,0.0002566563158701846,0.0002535182655566338,0.00025019380150617497,0.0002467077306389393,0.00024308268270756565,0.00023933920759555027,0.00023549589128059082,0.00023156948332525064,0.0002275750302066505,0.0002235260100641197,0.00021943446552416467,0.00021531113216335997,0.000211165560906468,0.00020700623324761488,0.00020284066864659784,0.00019867552380972215,0.00019451668383318484,0.00019036934538334402,0.0001862380922264819,0.00018212696351305944,0.00017803951527834124,0.00017397887565089585,0.0001699477942698683,0.0001659486864064831,0.00016198367226930135,0.00015805461194979404,0.00015416313643733742,0.00015031067510276288,0.00014649848001865794,0.00014272764745363998,0.00013899913684772643
PD22,pathway,japan,Commercial,Emissions,Addtl Emissions,EM,Emissions,CO2e,IND,Mt,0.0,0.0,0.0,0.0,0.0,0.0,0.0,0.0,0.0,0.0,0.0,0.0,0.0,0.0,0.0,0.0,0.0,0.0,0.0,0.0,0.0,0.0,0.0,0.0,0.0,0.0,0.0,0.0,0.0,0.0,0.0,0.024914931606497603,0.024947427358912755,0.024977781190098636,0.02500599310005658,0.02503206308878525,0.03864766836518729,0.06205383513678164,0.0990386315625531,0.15442916599210044,0.23423870437560623,0.364645141312403,0.5374453301198554,0.7621992430796367,1.0485318578216667,1.4050366109624473,1.808704692111031,2.2267011260190777,2.7052769767620006,3.2362873413808098,3.774851655475045,3.7884983235688767,3.8016240205781755,3.81422874650295,3.826312501343213,3.8378752850989417,3.853614777094465,3.868768052459302,3.8833351111934458,3.8973159532968853,3.91071057876963,3.9160987895880455,3.9261233931761037,3.9355944029065437,3.944511818779374,3.9528756407946055,3.960685868952219,3.9679425032522317,3.974645543694627,3.980794990279422,3.986390843006599,3.9914331018761677,3.9959217668881366,3.9998568380424864,4.003238315339236,4.006066198778369,4.008340488359892,4.010061184083814,4.0112282859501205,4.011841793958826,4.011901708109915,4.011408028403403,4.010360754839273,4.008759887417534,4.0066054261381945,4.003897371001238,4.000635722006681,3.9968204791545068,3.992451642444724,3.9875292118773396,3.9820531874523386,3.9760235691697363,3.9694403570295176,3.9623035510316966,3.95461315117626,3.946369157463215,3.937571569892567,3.9282203884643043,3.918315613178439,3.9078572440349575,3.8968452810338676,3.8852797241751755,3.873160573458868,3.8604878288849576,3.847261490453432,3.833481558164297,3.81914803201756,3.804260912013207,3.7888201981512517,3.7728258904316805,3.756277988854508
PD22,pathway,japan,Commercial,Natural gas,Natural gas,NATGAS,Final consumption,CO2e,COMMPUB,Mt,0.0,0.0,0.0,0.0,0.0,0.0,0.0,0.0,0.0,0.0,0.0,0.0,0.0,0.0,0.0,0.0,0.0,0.0,0.0,0.0,0.0,0.0,0.0,0.0,0.0,0.0,0.0,0.0,0.0,0.0,0.0,0.0,0.0909381154305251,0.19067499326917492,0.29992392000041335,0.41941638143328497,0.550359356949869,0.6932628986832157,0.8488762557719021,1.0179146994007073,1.2010383954902508,1.3975529573467806,1.6088257110444797,1.8351559784524376,2.0766768636500927,2.3333254055416752,2.6049745812720033,2.890961630993619,3.190481919345853,3.502447743622442,3.8254843821135296,4.158542601942138,4.499197680060927,4.845304154522925,5.194526936791108,5.544394162319704,5.893478268081735,6.238229400913663,6.576143324337141,6.904836915679551,7.2221077072518485,7.523660015337311,7.811620090942053,8.083039039550787,8.336830868042423,8.572222423704943,8.788743338642144,8.986206622139216,9.164682077982642,9.324464820252247,9.46604106556435,9.590053140749335,9.69726531566598,9.78853170103839,9.864767081957377,9.926921218992181,9.975956859382366,10.012831469228662,10.038482524912517,10.053816083707277,10.059698282083316,10.056949376569511,10.04633993714449,10.028588818698635,10.004362565042303,9.974275936544322,9.938893292418493,9.898730598813405,9.854257872090322,9.805901901698393,9.754049128196428,9.699048578982303,9.641214787235937,9.58083063871714,9.518150106741755,9.453400848306106,9.38678664435646,9.318489675017299,9.248672626565988,9.177480631408303,9.105043045553854,9.031475070363674,8.956879226848814,8.881346691709458,8.804958504763933,8.727786657534251,8.64989507262508,8.571340483224187,8.49217322162477,8.412437925164193,8.332174167422968
PD22,pathway,japan,Commercial,Oil products,Fuel oil,RESFUEL,Final consumption,CO2e,COMMPUB,Mt,0.0,0.0,0.0,0.0,0.0,0.0,0.0,0.0,0.0,0.0,0.0,0.0,0.0,0.0,0.0,0.0,0.0,0.0,0.0,0.0,0.0,0.0,0.0,0.0,0.0,0.0,0.0,0.0,0.0,0.0,0.0,0.0,0.007568980277700366,0.015545588967012025,0.02389071629461803,0.03253939415505169,0.04347610739784391,0.055662603576228986,0.06911833833221792,0.08382290064120407,0.09970793745660311,0.11642154352878303,0.13394471274712727,0.1520422372640053,0.1704362615882407,0.18882026887022657,0.20647968932276947,0.22343399897655117,0.2394076629000889,0.2541709493215754,0.26755030737458474,0.27979932330542806,0.29052915467030693,0.2997344336080674,0.30745478676255555,0.3137647290332079,0.31849315480942314,0.32201586132548754,0.32445672348484234,0.3259398905912194,0.3265851043268822,0.3269689112405318,0.32640889232354786,0.32531785178104733,0.32377724474176406,0.32185847490528924,0.3196235264563606,0.3171257751782315,0.3144108787508179,0.31151767736131897,0.3084790599508744,0.30532276940519176,0.30207213283194556,0.29874671185524765,0.2953628735939768,0.29193428650745606,0.28847234724644133,0.2849865455393847,0.28148477434096547,0.27797359223480383,0.2744584445978875,0.27094384942429195,0.2674335530510263,0.26393066038017654,0.2604377435789496,0.25695693267862213,0.25348999099176456,0.2500383778254035,0.24660330058363156,0.243185758022192,0.2397865761345758,0.23640643790855126,0.23304590798851318,0.22970545310748497,0.22638545900845966,0.22308624445400427,0.2198080728220404,0.21655116170141828,0.21331569083060337,0.21010180866433295,0.2069096378044159,0.20373927949041967,0.20059081731245398,0.19746432028036628,0.19435984536058326,0.19127743957267324,0.18821714172184018,0.18517898383039855,0.18216299232040015,0.1791691889905695,0.17619759182322706
PD22,pathway,japan,Commercial,Oil products,Gas/diesel oil excl. biofuels,NONBIODIES,Final consumption,CO2e,COMMPUB,Mt,0.0,0.0,0.0,0.0,0.0,0.0,0.0,0.0,0.0,0.0,0.0,0.0,0.0,0.0,0.0,0.0,0.0,0.0,0.0,0.0,0.0,0.0,0.0,0.0,0.0,0.0,0.0,0.0,0.0,0.0,0.0,0.0,0.20009429494371034,0.41096469401609603,0.6315772874657579,0.8602145721707117,1.149338581618247,1.4715019736715078,1.8272190795650936,2.215950311477668,2.6358886816563594,3.077731188873967,3.5409753857513326,4.019403294871403,4.505669501586054,4.9916708968026136,5.4585170444899855,5.9067228148796405,6.329004139864036,6.7192878080964125,7.0729858120803435,7.396801982358573,7.680456842465123,7.923808487103176,8.127904490063447,8.294714734436985,8.419715855746938,8.512842466038448,8.57736933424417,8.616578483369391,8.63363541611181,8.643781772815567,8.628977058542604,8.600134205199488,8.559406568450465,8.508681783406455,8.449598469972356,8.383567675518515,8.31179641088872,8.235311459029683,8.154982275171465,8.071542272924853,7.9856081299653034,7.897696979280476,7.8082415036086275,7.7176030436628835,7.626082882405289,7.533931891215359,7.4413587290066765,7.348536779130378,7.2556099960993725,7.162697818042165,7.069899283486404,6.977296473924041,6.884957387416223,6.792938333675865,6.70128592780469,6.61003874818444,6.519228713866532,6.428882228054425,6.339021126791966,6.249663465609875,6.16082417150201,6.072515583067729,5.984747897846124,5.897529542675253,5.810867480239337,5.724767462738271,5.639234241755521,5.554271741854883,5.46988320414964,5.386071305018791,5.302838254258565,5.220185876219967,5.138115676872962,5.0566288992314075,4.975726569153432,4.895409533184041,4.815678489819147,4.736534015331944,4.657976585104795
PD22,pathway,japan,Commercial,Oil products,Kerosene type jet fuel excl. biofuels,NONBIOJETK,Final consumption,CO2e,COMMPUB,Mt,0.0,0.0,0.0,0.0,0.0,0.0,0.0,0.0,0.0,0.0,0.0,0.0,0.0,0.0,0.0,0.0,0.0,0.0,0.0,0.0,0.0,0.0,0.0,0.0,0.0,0.0,0.0,0.0,0.0,0.0,0.0,0.0,0.017005767305069863,0.03492738240739479,0.05367697459256093,0.07310857538882198,0.09768086830880152,0.12506113760139181,0.15529309564377858,0.18833088353262417,0.2240209276077847,0.26157257727048555,0.30094313013775553,0.34160412797897755,0.38293129306399254,0.4242359521464374,0.463912630369938,0.5020050859203586,0.5378942548343522,0.571063982371042,0.6011243394327488,0.6286450763079285,0.6527525529717745,0.6734347090681538,0.6907805766013266,0.7049575735052928,0.7155812646128672,0.7234959803471308,0.728980039280146,0.7323123764986603,0.7337620241722105,0.7346243505126334,0.7333661161086246,0.7309147975815008,0.7274534059729387,0.7231423690625621,0.7181209511348021,0.7125090753650969,0.7064093241161759,0.6999089624041128,0.6930818841564134,0.68599042129117,0.6786869844833298,0.6712155242276154,0.6636128136962242,0.6559095627906407,0.6481313771781677,0.6402995781078928,0.6324318992434943,0.624543076222112,0.6166453435602259,0.6087488521570474,0.6008620191748741,0.5929918206184571,0.5851440355591359,0.5773234496899512,0.5695340247708973,0.5617790395310513,0.5540612067312196,0.5463827703470953,0.5387455861971093,0.5311511887985458,0.5236008467781997,0.5160956087784105,0.5086363414754467,0.5012237610558797,0.4938584592696532,0.4865409249891409,0.47927156204556,0.47205070398274646,0.46487862625892024,0.45775555633623133,0.45068168202253495,0.443657158367173,0.436682113360675,0.4297566526452553,0.4228808634073311,0.41605481759371793,0.40927857456872185,0.4025521833090907,0.39587568421698527
PD22,pathway,japan,Commercial,Oil products,Liquified petroleum gases (LPG),LPG,Final consumption,CO2e,COMMPUB,Mt,0.0,0.0,0.0,0.0,0.0,0.0,0.0,0.0,0.0,0.0,0.0,0.0,0.0,0.0,0.0,0.0,0.0,0.0,0.0,0.0,0.0,0.0,0.0,0.0,0.0,0.0,0.0,0.0,0.0,0.0,0.0,0.0,0.04261153253391292,0.08751791466259817,0.1344989677996482,0.18318893718838725,0.244759993666408,0.31336702649348114,0.3891195662393936,0.47190270376088295,0.5613316278995819,0.6554251970164084,0.7540764112948515,0.8559611073094822,0.9595150256927749,1.0630125505453607,1.1624308263942977,1.2578794985926676,1.3478073719640618,1.4309211120685312,1.5062436694067158,1.575202673353827,1.6356090347807382,1.687432533924443,1.7308962592277033,1.7664197115935627,1.7930396077228998,1.8128715953631573,1.8266130603291282,1.8349629332430282,1.8385953308817855,1.84075607119127,1.8376032998237748,1.8314610048425672,1.822787758966924,1.811985547795503,1.7994033273313121,1.7853415903542467,1.7700573785848261,1.7537693529046683,1.736662670116136,1.7188935159712797,1.7005932164573683,1.6818718987978416,1.6628217059225272,1.6435195879591529,1.6240297053014086,1.6044054828305658,1.5846913559768627,1.564924247983465,1.5451348150088196,1.5253484922693576,1.5055863707384332,1.4858659302655628,1.4662016515314467,1.446605526098184,1.4270874809900538,1.4076557317534755,1.3883170757821408,1.369077135829878,1.349940562040727,1.3309111994710139,1.311992226932431,1.2931862720192746,1.2744955063715149,1.255921724545484,1.2374664092953274,1.219130785593766,1.2009158653249892,1.182822484253345,1.1648513325974323,1.147002980311587,1.1292778979879559,1.1116764741353282,1.0941990294609387,1.0768458286736118,1.0596170902372823,1.0425129944298535,1.0255336900011005,1.0086792996725822,0.9919499246804246
PD22,pathway,japan,Commercial,Oil products,Other kerosene,OTHKERO,Final consumption,CO2e,COMMPUB,Mt,0.0,0.0,0.0,0.0,0.0,0.0,0.0,0.0,0.0,0.0,0.0,0.0,0.0,0.0,0.0,0.0,0.0,0.0,0.0,0.0,0.0,0.0,0.0,0.0,0.0,0.0,0.0,0.0,0.0,0.0,0.0,0.0,0.09286893263317886,0.1907393336423331,0.29313133879605857,0.39924781051590585,0.5334377341395218,0.6829620889537722,0.8480595893747314,1.0284797987517997,1.2233840473770936,1.42845457199555,1.6434581737954783,1.8655089287877855,2.091197640231948,2.3167634458172315,2.533438806060933,2.741462685541495,2.9374543600330534,3.1185950952204236,3.282755478272395,3.433046930167925,3.564698480261942,3.6776442666394216,3.772370495365485,3.8497914400836155,3.907807690458328,3.951030156645839,3.9809787435264044,3.9991767227828294,4.0070932860123305,4.011802472336,4.004931221894522,3.9915445083711614,3.9726417597714683,3.9490990763260965,3.9216769838741348,3.891030385961017,3.8577194875079783,3.8222208450122124,3.7849379951123407,3.746211334016218,3.7063270777677055,3.66552524114887,3.6240066433988685,3.581938992079553,3.539462120398628,3.4966924642457347,3.453726867614321,3.4106458021978017,3.367516081005339,3.3243931383586047,3.2813229405973883,3.2383435838630574,3.195486627812831,3.152778207239489,3.1102399574162582,3.0678897835669523,3.025742500148107,2.9838103615686973,2.9421035025009057,2.9006303029830858,2.859397691018794,2.818411393270819,2.777676142680549,2.737195850361276,2.6969737478746585,2.657012504965302,2.6173143269658725,2.5778810353678363,2.538714134455617,2.499814866405865,2.4611842568421096,2.4228231524927932,2.3847322523174896,2.34691213323105,2.3093632713607395,2.272086059609968,2.2350808221687393,2.198347826500331,2.161887293241984
PD22,pathway,japan,Electric Power,Biofuels and Waste,Biogases,BIOGASES,Electricity output,CO2e,ELMAINE,Mt,1.8500625032301824e-06,8.005356958415202e-07,7.871810339707666e-07,7.642257591166138e-07,7.510923619731646e-07,7.514454968653449e-07,7.37854710168831e-07,7.89610302238795e-07,7.148265367317874e-07,6.893171110940582e-07,5.514844330827063e-07,5.524277481283859e-07,5.515553474868981e-07,5.443770814970648e-07,5.03934638912401e-07,4.6138840620198604e-07,4.805638305351745e-07,4.426961226396591e-07,3.944361209464745e-06,3.840695772144777e-05,0.0006482484907238024,0.0009905816067089755,0.0013592074420017038,0.002186588520228974,0.0031259357307139267,0.0038775694314558407,0.004197090599974834,0.0027681254360576585,0.005515089784761264,5.4402458641461085e-06,6.577626133825236e-06,7.066808159294087e-06,7.136270020566623e-06,7.4369806061723274e-06,8.031210251298568e-06,8.995552662574699e-06,1.1031340479792062e-05,1.361014382259204e-05,1.6845894355334093e-05,2.0864478422564906e-05,2.579947702490688e-05,3.2138760184120055e-05,3.964176409885362e-05,4.837922139364741e-05,5.8363532186704864e-05,6.952802754506737e-05,7.859636438522996e-05,7.892869071232794e-05,7.925000145341805e-05,7.956029660850013e-05,7.985957617757461e-05,8.014828080219971e-05,8.0425963926165e-05,8.069262554947067e-05,8.094826567211693e-05,8.119288429410332e-05,8.152586404396706e-05,8.184644197888614e-05,8.215461809886034e-05,8.24503924038895e-05,8.273376489397378e-05,8.284775618994698e-05,8.305983355535268e-05,8.326019926295593e-05,8.344885331275695e-05,8.362579570475591e-05,8.379102643895242e-05,8.39445455153469e-05,8.408635293393894e-05,8.421644869472894e-05,8.433483279771649e-05,8.444150524290181e-05,8.453646603028507e-05,8.461971515986588e-05,8.469125263164463e-05,8.475107844562096e-05,8.479919260179505e-05,8.483559510016707e-05,8.486028594073666e-05,8.48732651235042e-05,8.487453264846933e-05,8.486408851563237e-05,8.484193272499301e-05,8.480806527655141e-05,8.47624861703077e-05,8.47051954062616e-05,8.463619298441344e-05,8.455547890476286e-05,8.446305316731003e-05,8.435891577205512e-05,8.42430667189978e-05,8.41155060081384e-05,8.397623363947659e-05,8.382524961301269e-05,8.366255392874639e-05,8.348814658667787e-05,8.330202758680724e-05,8.310419692913422e-05,8.28946546136591e-05,8.26734006403816e-05,8.244043500930186e-05,8.219575772042e-05,8.193936877373577e-05,8.167126816924942e-05,8.13914559069607e-05,8.109993198686971e-05,8.079669640897662e-05,8.048174917328118e-05,8.01550902797836e-05,7.981671972848366e-05,7.94666375193816e-05
PD22,pathway,japan,Electric Power,Biofuels and Waste,Industrial waste,INDWASTE,Electricity output,CO2e,ELAUTOE,Mt,0.00035379152890161294,0.0001530882050079852,0.00015053436359291458,0.00014614457580313604,0.00014363304732939995,0.00014370057809292582,0.00014110158200715019,0.00015099891791643455,0.002476443034569599,0.003165731671615969,0.004095669869388328,0.0016059186996278223,0.0014664921850104616,0.0018968896294183496,0.0029632814477287134,0.007305315649517197,0.015853848825738454,0.013694169772637876,0.12102075061147843,0.2695479533837988,0.27313186696659786,0.26813339286531823,0.2775530418006906,0.28863495699517117,0.280528587659735,0.2590191032785256,0.11673697722110155,0.09797529995081344,0.09232220549145509,0.07375590645675056,0.10162737102942465,0.10918545994961915,0.11025867788635124,0.11490479574620882,0.12408591905623889,0.13898545606795643,0.17043932097730363,0.21028302732341653,0.2602768721025511,0.3223658576581796,0.39861387233490186,0.49655873398779093,0.6124836204383403,0.7474813835044755,0.9017436107571286,1.0742402362959163,1.2143502416268284,1.2194848373395815,1.2244492371452471,1.2292434410438233,1.2338674490353156,1.2383280692359386,1.242618402145362,1.2467384477635874,1.250688206090619,1.2544676771264505,1.2596123685236504,1.264565446134481,1.2693269099589408,1.2738967599970255,1.2782749962487383,1.280036214581051,1.2833129081271,1.2864086511343615,1.2893234436028385,1.2920572855325336,1.294610176923442,1.2969821177755687,1.299173108088908,1.3011831478634657,1.303012237099236,1.304660375796222,1.3061275639544265,1.3074138015738437,1.308519088654479,1.3094434251963272,1.3101868111993908,1.3107492466636725,1.3111307315891676,1.311331265975881,1.3113508498238067,1.3111894831329511,1.3108471659033083,1.3103238981348808,1.3096196798276718,1.308734510981676,1.3076683915968978,1.306421321673333,1.3049933012109838,1.3033843302098522,1.301594408669934,1.2996235365912339,1.2974717139737466,1.2951389408174772,1.292625217122421,1.2899305428885806,1.2870549181159578,1.2839983428045487,1.2807608169543572,1.277342340565379,1.2737429136376164,1.2699625361710716,1.2660012081657397,1.261858929621626,1.2575357005387258,1.2530315209170406,1.2483463907565733,1.2434803100573197,1.2384332788192836,1.233205297042461,1.227796364726856
PD22,pathway,japan,Electric Power,Biofuels and Waste,Industrial waste,INDWASTE,Electricity output,CO2e,ELMAINE,Mt,0.053794995933861695,0.023277491667181655,0.02288917290509604,0.022221693338711795,0.021839808378232795,0.021850076620552106,0.021454891963925388,0.02295980969513567,0.020785292696740038,0.020043545082234715,0.016035730027214673,0.016063159170261493,0.01603779203327041,0.015829066766388344,0.01465310593771424,0.013415972375112079,0.01397354373944859,0.012872449485223536,0.014629048994784566,0.01722353846024549,0.019783971446649062,0.019172839833055455,0.019969706490050726,0.024554632717321223,0.025277357774829562,0.024576927229708584,0.5330397572798518,0.538881866691125,0.6177799542164744,0.5177686746749162,0.5275339669385133,0.5667669864504497,0.5723379159138311,0.5964552866639279,0.6441132586416707,0.7214547443627035,0.8847275119557185,1.091550814117224,1.3510621149773918,1.6733576591951538,2.0691508126159093,2.577569370388428,3.1793198102226765,3.8800749784094473,4.680829380171948,5.576236082443493,6.303528210256108,6.330181203613476,6.35595073298754,6.3808367983782865,6.404839399785747,6.4279938772223355,6.450264416313026,6.471651017057827,6.492153679456759,6.5117724035097915,6.538477802202566,6.564188559591335,6.588904675676087,6.612626150456802,6.6353529839334975,6.644495230594791,6.661504104555415,6.677573688691072,6.692703983001774,6.706894987487539,6.720146702148337,6.732459126984198,6.743832261995091,6.754266107181046,6.763760662542033,6.7723159280780685,6.779931903789166,6.7866085896752955,6.792345985736486,6.7971440919727115,6.801002908383984,6.803922434970317,6.805902671731683,6.806943618668112,6.807045275779575,6.806207643066099,6.804430720527656,6.80171450816426,6.798059005975925,6.793464213962626,6.787930132124386,6.781456760461181,6.7740440989730235,6.765692147659926,6.756400906521864,6.746170375558861,6.735000554770893,6.722891444157983,6.7098430437201095,6.695855353457284,6.680928373369516,6.665062103456787,6.648256543719115,6.630511694156479,6.611827554768891,6.5922041255563615,6.571641406518867,6.550139397656432,6.527698098969035,6.504317510456682,6.479997632119388,6.454738463957131,6.428540005969932,6.401402258157772,6.373325220520669
PD22,pathway,japan,Electric Power,Biofuels and Waste,Municipal waste (non-renewable),MUNWASTEN,Electricity output,CO2e,ELAUTOE,Mt,0.2695443411082262,0.11663382523156374,0.1146881214899923,0.1113436591138739,0.1094301924751181,0.10948164236487556,0.1075015364825832,0.1150420530536761,0.10414645316773496,0.10042986450461378,0.08034837087243363,0.0804858068952714,0.08035870272680046,0.07931286726278197,0.07342061685488632,0.06722185533059033,0.07001561343786267,0.06449848828335869,0.07330007752369971,0.08629998469610078,0.09912924902247833,0.09364952135346027,0.08806202918919226,0.0963187871229737,0.09574988646666893,0.09426099873580251,0.05295552606924947,0.04546906534074846,0.051495259948617866,0.0493978362782565,0.04435735179595268,0.047656234820694976,0.04812466281495614,0.05015255630769905,0.054159846001605616,0.06066305471527206,0.07439173958622403,0.09178234293792792,0.11360318252117607,0.14070319452628288,0.17398320537866502,0.21673325038066765,0.26733104621171444,0.3262535904764623,0.3935845055022178,0.46887419788659856,0.530028085206941,0.5322691848836673,0.534435999063795,0.5365285277473236,0.5385467709342554,0.540493700166636,0.5423663040159467,0.5441645824821887,0.5458885355653637,0.5475381632654687,0.5497836694108665,0.5519455417866921,0.5540237803929442,0.5560183852296212,0.5579293562967247,0.5586980761835478,0.5601282563296773,0.5614794568994845,0.5627516778929705,0.5639449193101367,0.5650591811509806,0.5660944634155046,0.5670507661037064,0.5679280892155883,0.5687264327511479,0.5694457967103865,0.5700861810933053,0.5706475858999017,0.5711300111301781,0.5715334567841323,0.5718579228617654,0.5721034093630786,0.5722699162880697,0.5723574436367408,0.5723659914090897,0.5722955596051187,0.5721461482248253,0.571917757268211,0.5716103867352766,0.5712240366260203,0.5707587069404438,0.5702143976785452,0.5695911088403257,0.568888840425786,0.5681075924349243,0.5672473648677424,0.5663081577242384,0.5652899710044142,0.5641928047082682,0.563016658835801,0.5617615333870136,0.5604274283619044,0.5590143437604749,0.5575222795827235,0.5559512358286509,0.5543012124982581,0.5525722095915434,0.5507642271085086,0.5488772650491518,0.5469113234134739,0.5448664022014758,0.5427425014131556,0.5405396210485154,0.5382577611075531,0.5358969215902707
PD22,pathway,japan,Electric Power,Biofuels and Waste,Municipal waste (non-renewable),MUNWASTEN,Electricity output,CO2e,ELMAINE,Mt,0.02511214218367594,0.0,0.0,0.0,0.0,0.0,0.0,0.0,0.0,0.0,0.0,0.0,0.0,0.0,0.0,0.0,0.0,0.0,0.0,0.0,0.0,0.0,0.0,0.0,0.0,0.0,0.0,0.0,0.0,0.0,0.0,7.477870880498165e-06,7.551373205452608e-06,7.869575550962889e-06,8.49837039857371e-06,9.518806764407002e-06,1.1673012467192556e-05,1.4401819870616032e-05,1.7825787826152744e-05,2.2078125246358167e-05,2.7300183283297806e-05,3.400821042524983e-05,4.1947649734418045e-05,5.119334821689408e-05,6.17584272820524e-05,7.357233999255334e-05,8.316816465101899e-05,8.351982176526518e-05,8.385982253792363e-05,8.418816696899417e-05,8.450485505847722e-05,8.481035307920812e-05,8.51041884996553e-05,8.538636131981899e-05,8.565687153969941e-05,8.591571915929611e-05,8.626806770466122e-05,8.660729304521454e-05,8.693339518095587e-05,8.7246374111885e-05,8.754622983800212e-05,8.766685178974808e-05,8.789126529007698e-05,8.810328588785795e-05,8.830291358309115e-05,8.84901483757768e-05,8.866499026591452e-05,8.882743925350467e-05,8.897749533854688e-05,8.911515852104157e-05,8.924042880098828e-05,8.935330617838727e-05,8.945379065323868e-05,8.954188222554215e-05,8.961758089529808e-05,8.968088666250605e-05,8.973179952716627e-05,8.977031948927896e-05,8.97964465488437e-05,8.981018070586086e-05,8.981152196033013e-05,8.980047031225182e-05,8.977702576162557e-05,8.974118830845158e-05,8.969295795273001e-05,8.963233469446054e-05,8.955931853364347e-05,8.947390947027848e-05,8.937610750436577e-05,8.926591263590547e-05,8.914332486489724e-05,8.900834419134144e-05,8.886097061523772e-05,8.87012041365864e-05,8.852904475538719e-05,8.834449247164022e-05,8.814754728534566e-05,8.793820919650322e-05,8.771647820511317e-05,8.748235431117523e-05,8.723583751468953e-05,8.697692781565623e-05,8.670562521407504e-05,8.642192970994625e-05,8.612584130326957e-05,8.581735999404513e-05,8.549648578227307e-05,8.516321866795315e-05,8.481755865108562e-05,8.445950573167018e-05,8.408905990970716e-05
PD22,pathway,japan,Electric Power,Biofuels and Waste,Primary solid biofuels,PRIMSBIO,Electricity output,CO2e,ELAUTOE,Mt,0.8461396738820084,0.374697109587387,0.3755505513620103,0.35601236787805,0.3673884268090215,0.3837519223394046,0.37656527687574615,0.43012540137507216,0.3646857196993385,0.37181640350110934,0.28416232448589707,0.2716422691582685,0.2806501199154119,0.2923796404800947,0.28200119757594155,0.2762497653608995,0.2929111753993836,0.2779196986103436,0.30327191331753056,0.3326560620382084,0.30375090500166824,0.2702284430718369,0.2643909951894412,0.30724943398871085,0.3176059950707302,0.32155518720188736,0.3424615119823202,0.30443120401294,0.3475814826810444,0.3057100025678565,0.2596105038582084,0.27891789371687814,0.28165946467834635,0.29352812748408663,0.3169816127445806,0.3550429762501457,0.43539292168993793,0.537174996492384,0.6648859379587551,0.8234943193511532,1.0182724121808948,1.268475823195698,1.5646098063567784,1.9094660880289966,2.3035340850428643,2.744182459750887,3.102098134544862,3.1152146302939263,3.1278963549301895,3.140143308453644,3.1519554908643075,3.1633502937217832,3.1743100920226985,3.1848348857670596,3.194924674954876,3.20457945958613,3.2177217450973368,3.2303745468098235,3.242537864723584,3.2542116988386094,3.2653960491549063,3.269895140039818,3.2782655628290924,3.2861737414407184,3.293619675874704,3.3006033661310568,3.3071248122097616,3.313184014110833,3.3187809718342587,3.323915685380049,3.328588154748194,3.3327983799386973,3.3365463609515684,3.3398320977867915,3.342655590444381,3.345016838924323,3.346915843226624,3.3483526033512936,3.349327119298315,3.349839391067703,3.3498894186594437,3.3494772020735515,3.3486027413100117,3.3472660363688314,3.3454670872500176,3.3432058939535576,3.3404824564794633,3.3372967748277222,3.3336488489983416,3.3295386789913266,3.3249662648066645,3.3199316064443685,3.3144347039044257,3.3084755571868487,3.302054166291625,3.295170531218762,3.287824651968264,3.2800165285401204,3.2717461609343417,3.2630135491509167,3.253818693189852,3.2441615930511523,3.234042248734807,3.2234606602408267,3.2124168275692004,3.2009107507199337,3.1889424296930318,3.176511864488485,3.163619055106302,3.150264001546475,3.1364467038090122
PD22,pathway,japan,Electric Power,Biofuels and Waste,Primary solid biofuels,PRIMSBIO,Electricity output,CO2e,ELMAINE,Mt,0.29973782419918515,0.12969876814776127,0.12753511298202125,0.12381601477497983,0.12168820780778367,0.12174542094736485,0.11954351002464969,0.12792869081184266,0.11581260115576042,0.11167969228166907,0.08934873484723826,0.08950156600771664,0.08936022404243027,0.08819723748086328,0.08164495628795065,0.07475182959724391,0.07338760847399783,0.07274842891093758,0.07913110331976614,0.08268451752583872,0.06648906792983345,0.0600948041281123,0.05820952136253499,0.07542433929813186,0.09220959143484275,0.09690101840746934,0.15016889550484214,0.23463783427952967,0.25491958956498983,0.3666992560652491,0.4569683341365929,0.4909533449474832,0.4957790784850751,0.5166703867725504,0.5579533854567558,0.6249492797584955,0.7663818495887273,0.9455394124616188,1.1703371587222167,1.4495208078729127,1.7923706513265603,2.232780550878139,2.7540377841380943,3.3610563685570183,4.054697779269444,4.830330316234514,5.460336141273504,5.48342389436162,5.505746360112763,5.527303538526924,5.54809542960413,5.5681526460965705,5.587444164342602,5.605969984342239,5.623730106095494,5.640724529602339,5.663857678021033,5.686129233427256,5.707539195820999,5.728087565202246,5.7477743415710085,5.755693674711436,5.77042735497933,5.784347389617771,5.797453778626773,5.809746522006349,5.821225619756474,5.8318910718771715,5.84174287836842,5.85078103923024,5.859005554462611,5.866416424065542,5.873013648039048,5.8787972263831,5.883767159097727,5.887923446182902,5.891266087638638,5.893795083464949,5.895510433661807,5.896412138229239,5.896500197167222,5.895774610475777,5.894235378154882,5.891882500204547,5.888715976624786,5.884735807415574,5.879941992576935,5.874334532108846,5.867913426011318,5.8606786742843635,5.852630276927958,5.843768233942124,5.834092545326841,5.82360321108213,5.812300231207969,5.80018360570437,5.787253334571342,5.7735094178088655,5.75895185541696,5.743580647395605,5.727395793744813,5.710397294464591,5.692585149554921,5.673959359015821,5.654519922847273,5.6342668410492855,5.613200113621868,5.591319740565004,5.56862572187871,5.545118057562967,5.520796747617796
PD22,pathway,japan,Electric Power,Coal,Blast furnace gas,BLFURGS,Electricity output,CO2e,ELAUTOE,Mt,2.52611445453132,1.0759568450810173,1.0458900020406627,1.0175106586652678,1.057793926276445,1.0146982769821173,1.0713944949921599,1.0831521165845617,0.7824656125412064,0.8002097044904781,0.6717805238667758,0.7057891815545618,0.7384191830835523,0.7481430575579884,0.7044695463830477,0.5566895265675127,0.5534546880511924,0.5223184818299247,0.5075639068359674,0.5768929736409696,0.7537304242854805,0.5847168162958445,0.5745602708679192,0.6627542305503678,0.6603560476984338,0.6120921938210673,0.43456429378360495,0.4173806589013722,0.8026462355002311,0.7348114234426353,0.5442141671931955,0.5846877032653301,0.5904347810430917,0.61531472368228,0.6644796024492345,0.744266563818611,0.9127018851622255,1.1260647739922618,1.3937816137143555,1.7262678841330166,2.134575699115384,2.659070043260592,3.2798473486027224,4.002759832275153,4.828833444957338,5.752552187854343,6.502840708498248,6.530336448094627,6.556920789286256,6.582593732073121,6.607355276455254,6.6312418798678765,6.654216595514187,6.6762794233942016,6.69743036350794,6.717669415855365,6.745219217801758,6.7717429286851285,6.797240548505467,6.821712077262754,6.845157514957005,6.854588832113556,6.872135513005203,6.88871320448217,6.904321906544471,6.918961619192122,6.932632342425094,6.945334076243414,6.957066820647056,6.967830575636048,6.977625341210359,6.986451117370008,6.994307904115005,7.001195701445323,7.007114509360989,7.012064327861977,7.0160451569483,7.0190569966199705,7.0210998468769645,7.022173707719307,7.02227857914697,7.021414461159983,7.0195813537583165,7.016779256941986,7.013008170711001,7.008268095065342,7.00255903000503,6.995880975530039,6.988233931640384,6.979617898336077,6.970032875617093,6.959478863483454,6.94795586193514,6.935463870972172,6.922002890594526,6.907572920802217,6.892173961595254,6.875806012973616,6.8584690749373225,6.840163147486353,6.820888230620719,6.800644324340432,6.779431428645469,6.757249543535853,6.734098669011559,6.7099788050726,6.684889951718987,6.6588321089506985,6.631805276767757,6.603809455170139,6.574844644157867
PD22,pathway,japan,Electric Power,Coal,Blast furnace gas,BLFURGS,Electricity output,CO2e,ELMAINE,Mt,4.155066476379682,1.756170949411029,1.6679913992191295,1.5792642067666662,1.6370904938886461,1.6619946252001743,1.698682260456085,1.862747983186292,1.585773119521301,1.644046709542371,1.3473640968470182,1.3020236948128332,1.3607068172232566,1.2795515514877351,1.0709839766339186,0.9588889582908635,1.0170945863329557,0.9641974324471345,0.8876719242134516,1.0521578216850909,1.546160685169772,1.2953359318794337,1.348449038115712,1.4086906616349442,1.4945256097677753,1.416669667722978,1.4388827858885076,1.2532467909919554,0.8872444385079685,0.7545117939987493,0.5551938789075148,0.5964839827665989,0.602347009854399,0.6277289140633426,0.6778857115047323,0.7592824028061962,0.9311159658391066,1.1487835257914893,1.4219016466606336,1.761095944209484,2.1776415125791493,2.7127177140916623,3.3460194193159256,4.0835169159187314,4.926256853494364,5.868611946037374,6.634037800760106,6.66208827654738,6.689208966147402,6.715399869560159,6.74066098678568,6.765029510800733,6.78846774939393,6.810975702565289,6.832553370314828,6.853200752642509,6.881306381506673,6.908365217560702,6.934377260804584,6.959342511238302,6.98326096886187,6.9928825661502305,7.010783257483624,7.0276954097010105,7.043619022802401,7.058554096787816,7.072500631657223,7.085458627410651,7.0974280840480715,7.108409001569513,7.118401379974947,7.127405219264387,7.135420519437849,7.142447280495303,7.148485502436777,7.153535185262244,7.157596328971718,7.160668933565214,7.162752999042702,7.16384852540421,7.1639555126497125,7.163073960779236,7.161203869792752,7.1583452396902745,7.154498070471816,7.149662362137353,7.14383811468691,7.137025328120459,7.129224002438016,7.120434137639593,7.1106557337251655,7.099888790694753,7.088133308548338,7.075389287285941,7.061656726907538,7.046935627413141,7.031225988802765,7.014527811076385,6.996841094234021,6.978165838275653,6.958502043201291,6.9378497090109486,6.916208835704602,6.893579423282271,6.869961471743938,6.845354981089609,6.819759951319299,6.793176382432986,6.765604274430691,6.737043627312391,6.707494441078109
PD22,pathway,japan,Electric Power,Coal,Coal tar,COALTAR,Electricity output,CO2e,ELAUTOE,Mt,0.0013955758351167392,0.0005719758347939377,0.00048627521323281464,0.0004630006063798442,0.00043932550716300816,0.0008490859048188,0.001878792195015912,0.0022321623451275457,0.0022495454203493963,0.0010757554104113172,0.002341178446799569,0.0017310493897518438,0.00032306587910595945,0.0,0.0,0.0,0.0,0.0,0.0,0.0,0.0,0.0,0.0,0.0,0.0,0.0,0.0,0.0,0.0,0.0,0.0,6.58085256331737e-06,5.8066328082354235e-06,5.025111975906168e-06,4.24905288929786e-06,3.49885183667879e-06,3.4312579547133096e-06,3.4797997412931936e-06,3.7077245494917713e-06,4.199265039952609e-06,5.063732478717141e-06,6.8284731886294705e-06,9.321114926032437e-06,1.2742138602968249e-05,1.7304473830292394e-05,2.3212882712578542e-05,3.055331883525776e-05,3.986013640347257e-05,5.052322664139042e-05,6.236042521702291e-05,7.436795859562825e-05,7.463681017984835e-05,7.489539816709033e-05,7.514372255735433e-05,7.538178335064058e-05,7.560958054694868e-05,7.591966263649029e-05,7.621819573335674e-05,7.650517983754785e-05,7.678061494906345e-05,7.704450106790371e-05,7.71506536470302e-05,7.734814731634911e-05,7.753473469084117e-05,7.771041577050659e-05,7.787519055534555e-05,7.80290590453577e-05,7.817202124054336e-05,7.830407714090223e-05,7.84252267464346e-05,7.853547005714018e-05,7.863480707301911e-05,7.872323779407154e-05,7.880076222029716e-05,7.886738035169633e-05,7.892309218826867e-05,7.896789773001437e-05,7.90017969769336e-05,7.902478992902601e-05,7.903687658629195e-05,7.903805694873109e-05,7.902833101634373e-05,7.900769878912959e-05,7.897616026708878e-05,7.89337154502215e-05,7.888036433852741e-05,7.881610693200684e-05,7.874094323065947e-05,7.865487323448545e-05,7.855789694348495e-05,7.845001435765765e-05,7.833122547700385e-05,7.820153030152325e-05,7.806092883121616e-05,7.790942106608229e-05,7.774700700612176e-05,7.757368665133473e-05,7.738946000172092e-05,7.719432705728061e-05,7.698828781801352e-05,7.677134228391978e-05,7.654349045499955e-05,7.63047323312525e-05,7.605506791267897e-05,7.579449719927866e-05,7.55230201910517e-05,7.524063688799821e-05,7.494734729011798e-05,7.464315139741122e-05,7.432804920987768e-05,7.400204072751763e-05
PD22,pathway,japan,Electric Power,Coal,Coke oven coke,OVENCOKE,Electricity output,CO2e,ELAUTOE,Mt,0.018127687969574403,0.006509520732891107,0.006720472243661249,0.006833842312533957,0.00633327359936086,0.005913967762153603,0.006735008982497098,0.00690417403976986,0.005883535699295922,0.005730496824100671,0.004708871641995502,0.004655779289435072,0.005582553426995054,0.005158697453062661,0.005115458456256418,0.00504552256086422,0.004257312802671193,0.02363732902765131,0.03124525385302973,0.031047638094879926,0.06045045416083028,0.023182700084836083,0.016059025355456114,0.022918465321888848,0.02957203599234859,0.05791030385684426,0.0007437987906571981,0.0006293433508535564,0.0005786534065209976,0.0005344196325584201,0.000507563646398433,0.0005453114611188078,0.00048115702188639923,0.00041639759096588104,0.0003520907385693014,0.0002899265693829395,0.0002843255141727445,0.00028834784901621974,0.0003072344611972618,0.00034796515079610953,0.0004195978150423798,0.0005658301346026613,0.000772378768657417,0.0010558562363324423,0.001433906597587126,0.001923497125484115,0.00253175022168928,0.0033029442634429007,0.0041865235963233684,0.00516739347431038,0.0061623778639651175,0.006184655805737037,0.006206083271524176,0.006226660261326549,0.006246386775144172,0.006265262812977017,0.006290957252365805,0.0063156947035817755,0.006339475166624917,0.0063622986414952135,0.006384165128192678,0.006392961286056425,0.006409326272255677,0.006424787526376116,0.006439345048417757,0.006452998838380615,0.006465748896264659,0.006477595222069921,0.0064885378157963705,0.0064985766774440365,0.006507711807012891,0.006515943204502947,0.006523270869914219,0.006529694803246678,0.0065352150045003546,0.0065398314736752165,0.0065435442107712825,0.006546353215788564,0.006548258488727034,0.0065492600295867206,0.006549357838367594,0.006548551915069684,0.006546842259692963,0.006544228872237443,0.006540711752703138,0.006536290901090024,0.006530966317398124,0.006524738001627413,0.006517605953777906,0.006509570173849611,0.006500630661842507,0.006490787417756616,0.006480040441591916,0.006468389733348429,0.006455835293026132,0.006442377120625038,0.006428015216145157,0.006412749579586468,0.006396580210948991,0.0063795071102327044,0.00636153027743762,0.006342649712563751,0.00632286541561107,0.006302177386579603,0.006280585625469328,0.0062580901322802545,0.0062346909070123925,0.006210387949665723,0.0061851812602402665,0.006159070838736001,0.006132056685152949
PD22,pathway,japan,Electric Power,Coal,Coke oven coke,OVENCOKE,Electricity output,CO2e,ELMAINE,Mt,0.006855005236227209,0.002966211345399962,0.0029167285431204587,0.002831672752275822,0.002783009798440147,0.002784318263170809,0.0027339605515765315,0.002925729669659944,0.002648634650848275,0.0025541150083959498,0.002043405922707568,0.002046901171957931,0.002043668680647478,0.0020170711733408786,0.0018672204762970532,0.0017095746413577396,0.0017806250161323117,0.0016403144398926157,0.001864154940797183,0.0021947663399120194,0.002521037979571296,0.0022358584538377246,0.0021095824177046404,0.0022325514971568046,0.002212237029484986,0.0021586683774043255,0.0020717863792661523,0.0019547676812112363,0.0019120851122222567,0.0016892859493868734,0.0019887665202573575,0.002136672286679863,0.001885298489961676,0.0016315541782886134,0.001379583187109585,0.0011360077866357648,0.0011140613939829638,0.0011298219491896466,0.0012038246131969368,0.001363418060040443,0.0016440934894583932,0.002217069791809193,0.003026381118827543,0.004137119645827712,0.005618419393690888,0.0075367625560227546,0.00992005655700037,0.012941795607353092,0.016403889489948843,0.02024719305968125,0.024145800961104344,0.024233091737444652,0.024317050127439295,0.02439767613108833,0.02447496974839182,0.024548930979349647,0.024649608482901767,0.02474653625762305,0.02483971430351346,0.02492914262057293,0.02501482120880152,0.025049286845555553,0.025113409122413808,0.025173990341683758,0.025231030503365465,0.02528452960745899,0.02533448765396421,0.025380904642881244,0.025423780574209978,0.025463115447950525,0.025498909264102775,0.025531162022666774,0.025559873723642587,0.025585044367030102,0.02560667395282943,0.02562476248104045,0.025639309951663233,0.02565031636469782,0.025657781720144116,0.02566170601800222,0.025662089258272028,0.02565893144095364,0.025652232566046963,0.02564199263355204,0.02562821164346892,0.02561088959579751,0.025590026490537904,0.025565622327690003,0.02553767710725386,0.025506190829229523,0.025471163493616895,0.025432595100416067,0.025390485649626947,0.02534483514124963,0.02529564357528402,0.025242910951730167,0.025186637270588116,0.02512682253185778,0.02506346673553924,0.024996569881632416,0.024926131970137343,0.02485215300105408,0.02477463297438252,0.02469357189012276,0.024608969748274718,0.024520826548838425,0.02442914229181393,0.024333916977201154,0.024235150605000175,0.02413284317521091,0.024026994687833442
PD22,pathway,japan,Electric Power,Coal,Coke oven gas,COKEOVGS,Electricity output,CO2e,ELAUTOE,Mt,0.11989930643095259,0.051611983607076084,0.05850601622319762,0.06013350367137499,0.05958689156074376,0.059564452354549435,0.05825714772588214,0.053312437297022675,0.03876422568080079,0.035347623772099324,0.02601712000126316,0.028352011492365936,0.027518801433500606,0.028959752297789743,0.025568092484679172,0.020740270117137527,0.021468610823532353,0.018679488361760893,0.02070856488548814,0.02320193769358725,0.026663882986208115,0.02235391464664674,0.024565107661625535,0.030211635179723195,0.02715783840110203,0.026690881833320468,0.01971830974353181,0.015310067922036708,0.023491991136531304,0.020753674655864918,0.021083920404780937,0.02265194429038847,0.01998700344998869,0.017296931580823904,0.014625659579701966,0.012043393484691467,0.011810728669012671,0.01197781429124542,0.012762353985462244,0.014454284886399577,0.01742986716473563,0.0235042789317976,0.032084197905561385,0.043859699179971706,0.05956370749942383,0.0799010342452636,0.10516754014526303,0.1372025251335513,0.17390593456397652,0.21465074081964614,0.25598185628533576,0.25690726998356733,0.2577973553676131,0.2586521124374736,0.25947154119314947,0.2602556416346395,0.26132297480312533,0.2623505551985213,0.2633383828208267,0.26428645767004094,0.2651947797461646,0.2655601674046053,0.2662399601141477,0.2668822122800515,0.2674869239023174,0.268054094980946,0.2685837255159362,0.26907581550728904,0.26953036495500343,0.2699473738590805,0.27032684221951914,0.27066877003631995,0.27097315730948346,0.2712400040390084,0.2714693102248961,0.27166107586714533,0.2718153009657566,0.27193198552073067,0.27201112953206624,0.27205273299976457,0.27205679592382437,0.27202331830424686,0.27195230014103094,0.2718437414341771,0.2716976421836859,0.27151400238955636,0.27129282205178945,0.2710341011703841,0.27073783974534094,0.27040403777666033,0.2700326952643414,0.269623812208385,0.2691773886087902,0.2686934244655581,0.26817191977868754,0.26761287454817917,0.26701628877403333,0.26638216245624924,0.2657104955948276,0.2650012881897677,0.2642545402410699,0.26347025174873473,0.2626484227127611,0.2617890531331502,0.2608921430099009,0.25995769234301364,0.258985701132489,0.25797616937832596,0.2569290970805255,0.2558444842390868,0.25472233085401064
PD22,pathway,japan,Electric Power,Coal,Coke oven gas,COKEOVGS,Electricity output,CO2e,ELMAINE,Mt,0.2849535921805755,0.1286134751207081,0.12219429691306172,0.12760061444280912,0.1308828428693175,0.140008438524992,0.13901681312593972,0.141277298330323,0.12886831094881546,0.11989918740329364,0.0929438064064878,0.10112534244909144,0.10158117111682197,0.09800681899190755,0.07700664620923225,0.06800321451112201,0.07344703005589104,0.06727009590723321,0.06574509857847433,0.07321757464763623,0.1005092120354335,0.07371007835999344,0.07024369818547105,0.08020356569709874,0.07679263035175077,0.077663783468638,0.07887936870748591,0.07299634059454752,0.06310934768064658,0.059454343451358915,0.04730390880377866,0.05082192905157412,0.04484286462420345,0.03880741619091671,0.03281414716384767,0.02702057189319884,0.02649856483704327,0.026873438337074562,0.028633632524668107,0.03242965069888237,0.039105670624504374,0.052734228063022415,0.07198414443942364,0.09840367305219422,0.13363720472634588,0.1792660551122403,0.2359540176892898,0.3078277479692044,0.3901755608593953,0.48159065645560045,0.5743211960901595,0.5763974553600905,0.5783944519824517,0.5803121859572439,0.582150657284469,0.583909865964124,0.5863045359256864,0.5886100165184388,0.59082630774238,0.5929534095975083,0.5949913220838251,0.5958111062672725,0.5973362899959292,0.5987772477163946,0.6001339794286696,0.6014064851327562,0.6025947648286515,0.6036988185163579,0.6047186461958731,0.6056542478671996,0.6065056235303347,0.60727277318528,0.6079556968320364,0.6085543944706014,0.6090688661009778,0.6094991117231627,0.6098451313371578,0.610106924942964,0.610284492540579,0.6103778341300053,0.6103869497112404,0.6103118392842867,0.6101525028491418,0.6099089404058067,0.6095811519542829,0.6091691374945678,0.608672897026664,0.6080924305505689,0.6074277380662839,0.60667881957381,0.605845675073145,0.604928304564291,0.6039267080472458,0.6028408855220119,0.6016708369885866,0.6004165624469715,0.5990780618971674,0.5976553353391723,0.5961483827729881,0.594557204198613,0.5928817996160478,0.5911221690252936,0.5892783124263483,0.5873502298192141,0.585337921203889,0.5832413865803735,0.5810606259486693,0.578795639308774,0.5764464266606896,0.5740129880044144,0.57149532333995
PD22,pathway,japan,Electric Power,Coal,Other bituminous coal,BITCOAL,Electricity output,CO2e,ELAUTOE,Mt,1.66163795806058,0.7352919460839695,0.7327621041926156,0.7300999804467807,0.7346009462592242,0.7595594901188543,0.8002871243277543,0.926570308811745,0.8017029058061462,0.8160149420340144,0.693457544071185,0.7441607998311044,0.7626562448453251,0.7880329813166576,0.7607647369361263,0.6901149991029101,0.6960971296887388,0.6699136607471843,1.0448932077106043,1.467926230009958,1.8274018463608979,1.7380617749212561,1.7459693678352117,1.8311467868419768,1.7798981021319609,1.7649117776997336,0.6294547669482942,0.5007879946141527,0.549876746122381,0.4979021950863167,0.4487620822524212,0.48213678915784186,0.4254146816153481,0.3681576710481256,0.3113008075013308,0.2563383959820795,0.2513862265019098,0.25494257135182785,0.27164115776399367,0.30765317163783035,0.37098714717478387,0.5002783615557282,0.6828982078794814,0.9335346345979278,1.2677876263493388,1.7006587870582082,2.23844538372719,2.920296116051594,3.7015122336207824,4.568747726130023,5.448462555350883,5.468159583711375,5.487104664258932,5.5052977969935615,5.522738981915283,5.5394282190240665,5.56214594162741,5.584017543733015,5.605043025340872,5.625222386450966,5.644555627063309,5.652332744567223,5.666801836936073,5.68047189514957,5.693342919207732,5.705414909110569,5.716687864858057,5.72716178645022,5.736836673887034,5.745712527168526,5.753789346294665,5.76106713126547,5.767545882080949,5.773225598741078,5.778106281245884,5.782187929595339,5.785470543789457,5.787954123828251,5.789638669711696,5.7905241814398165,5.7906106590125885,5.789898102430035,5.788386511692133,5.786075886798895,5.782966227750331,5.779057534546419,5.77434980718718,5.768843045672595,5.762537250002673,5.755432420177423,5.747528556196828,5.738825658060905,5.729323725769634,5.719022759323036,5.707922758721092,5.696023723963812,5.6833256550512035,5.66982855198325,5.655532414759968,5.6404372433813394,5.624543037847374,5.607849798158083,5.590357524313444,5.572066216313478,5.552975874158165,5.533086497847515,5.512398087381538,5.490910642760214,5.468624163983563,5.445538651051566,5.421654103964241
PD22,pathway,japan,Electric Power,Coal,Other bituminous coal,BITCOAL,Electricity output,CO2e,ELMAINE,Mt,7.131027816820264,3.386470453573221,3.6470168768340336,3.8585394790792904,4.273110340549017,4.68079509563691,4.858409642322755,5.634785142416803,5.093663902603474,5.534814496795157,4.965583988724042,5.360707532443797,5.835045572103631,6.20276315835136,6.018435359895946,5.897466214668498,5.928347508877906,5.747738166916847,6.224099496881166,6.975203395629364,8.442489211707873,7.068472869475883,7.363436041473051,8.503534555883391,8.355877644186393,8.1742801623204,8.750887671688844,8.321760436980256,8.370841741923385,7.493228009472432,7.013850472346078,7.535474765151918,6.6489462536908945,5.754057566579974,4.8654229091191326,4.006397266710323,3.9289981779252514,3.984581463572354,4.245569173600401,4.808412806135905,5.798280381412809,7.819015378684512,10.673241138955305,14.590520448969528,19.814670609588582,26.580156632302817,34.98540057835098,45.64227037666209,57.852154526666965,71.40646383515667,85.15581680965765,85.46366815702784,85.75976706422642,86.0441135312536,86.31670755810966,86.5775491447941,86.93261191795074,87.27445039501056,87.60306457597342,87.9184544608391,88.22062004960777,88.34217118201303,88.56831339491191,88.78196723967639,88.9831327163067,89.17180982480303,89.34799856516497,89.51169893739291,89.6629109414865,89.80163457744611,89.9278698452713,90.04161674496234,90.14287527651939,90.23164543994204,90.30792723523072,90.37172066238502,90.42302572140514,90.46184241229126,90.48817073504303,90.50201068966078,90.50336227614419,90.49222549449358,90.46860034470862,90.43248682678947,90.38388494073632,90.32279468654882,90.24921606422731,90.16314907377144,90.0645937151814,89.95354998845733,89.83001789359892,89.69399743060649,89.54548859947971,89.38449140021889,89.21100583282374,89.02503189729443,88.82656959363108,88.6156189218334,88.39217988190168,88.15625247383564,87.9078366976354,87.64693255330116,87.37354004083255,87.08765916022993,86.78928991149299,86.47843229462184,86.15508630961665,85.81925195647715,85.4709292352036,85.11011814579574,84.73681868825382
PD22,pathway,japan,Electric Power,Coal,Other recovered gases,OGASES,Electricity output,CO2e,ELAUTOE,Mt,0.07520121018621542,0.03303327021809632,0.02942779218733549,0.030887296456531738,0.028300475813972853,0.030906424472223637,0.031974130979193494,0.03526125735472613,0.026582777335230123,0.030019688218766466,0.02484064156284302,0.026222692781978307,0.025480358319092844,0.027116276455515675,0.025202449810106053,0.021666188958520627,0.02458145179551735,0.021425070906039623,0.021405626696904656,0.02368790510596186,0.026628441503297823,0.018556699063707688,0.019099644177029584,0.023109757103737916,0.022013767615807894,0.02068927046409988,0.013028569707120102,0.00998007822728382,0.009428573864104256,0.0088279243891701,0.006606921818237035,0.0070982825814368405,0.0062631885645406254,0.005420219411565647,0.004583141442771166,0.0037739546370882254,0.003701046078455242,0.0037534045403470467,0.0039992502997447665,0.004529438944443756,0.0054618765129445385,0.007365372772950171,0.01005400243850385,0.013744009552785028,0.018665065656565248,0.02503803260113955,0.032955622209544046,0.04299420313769172,0.0544956958351587,0.06726361300911002,0.08021525783131382,0.08050524829970676,0.08078416817945608,0.08105201747056197,0.08130879617302467,0.0815545042868437,0.08188896707473198,0.08221097281199487,0.08252052149863225,0.08281761313464389,0.08310224772002996,0.08321674671482407,0.08342976863856151,0.08363102674266429,0.08382052102713258,0.08399825149196656,0.08416421813716592,0.08431842096273094,0.0844608599686613,0.08459153515495739,0.08471044652161877,0.08481759406864571,0.08491297779603832,0.08499659770379628,0.08506845379191993,0.08512854606040891,0.08517687450926344,0.08521343913848364,0.08523823994806919,0.08525127693802044,0.08525255010833702,0.08524205945901932,0.08521980499006694,0.08518578670148008,0.08514000459325893,0.08508245866540311,0.08501314891791299,0.08493207535078821,0.08483923796402897,0.08473463675763539,0.08461827173160716,0.08449014288594463,0.08435025022064743,0.08419859373571592,0.08403517343114979,0.08385998930694914,0.0836730413631142,0.08347432959964461,0.08326385401654068,0.08304161461380213,0.0828076113914291,0.08256184434942172,0.08230431348777974,0.0820350188065034,0.08175396030559245,0.08146113798504699,0.08115655184486721,0.08084020188505281,0.08051208810560405,0.08017221050652068,0.07982056908780297
PD22,pathway,japan,Electric Power,Coal,Other recovered gases,OGASES,Electricity output,CO2e,ELMAINE,Mt,0.058752004697156385,0.029788837440547222,0.029990566320552164,0.029944709213263004,0.032328449209217375,0.03302229120956679,0.033017672642779244,0.03521035398901809,0.029325385021109845,0.030728652035860837,0.017729655466451583,0.024540448042978114,0.024919903298880358,0.02333676565829837,0.01903143636398491,0.015422997605162803,0.0177884126093516,0.01713130628822504,0.01790737260379449,0.01965899720992348,0.035839574941070096,0.008668261621297038,0.007399399916427088,0.005708934454632927,0.006061158096060865,0.005671051152451041,0.011452661887492305,0.010385358453408558,0.010857690824090063,0.010186190519831703,0.009363732810992606,0.01006011927158433,0.008876573066346899,0.007681865737651325,0.006495507754706212,0.005348678830277148,0.005245348371486283,0.005319553979035052,0.005667981592838711,0.0064193972966964385,0.007740904723993747,0.01043865579109697,0.014249145836016372,0.019478849113784294,0.026453270148480007,0.03548542783461485,0.046706719025854326,0.060934008556243126,0.07723462592534658,0.09533009735044444,0.11368595881125908,0.11409695100073387,0.11449225327636209,0.11487186563814399,0.11523578808607991,0.11558402062016918,0.11605804169490942,0.11651440787726891,0.11695311916724743,0.11737417556484472,0.11777757707006094,0.11793985203317915,0.11824175970389733,0.1185269949715016,0.1187955578359922,0.11904744829736942,0.11928266635563275,0.11950121201078269,0.11970308526281871,0.11988828611174138,0.12005681455755009,0.12020867060024522,0.12034385423982694,0.12046236547629471,0.12056420430964913,0.12064937073988961,0.12071786476701647,0.12076968639102993,0.12080483561192949,0.12082331242971568,0.12082511684438793,0.12081024885594684,0.12077870846439183,0.12073049566972315,0.1206656104719411,0.12058405287104514,0.12048582286703581,0.12037092045991256,0.12023934564967569,0.12009109843632541,0.11992617881986123,0.11974458680028364,0.11954632237759216,0.11933138555178724,0.1190997763228685,0.11885149469083608,0.11858654065569024,0.11830491421743056,0.11800661537605742,0.11769164413157043,0.11736000048396979,0.11701168443325571,0.11664669597942778,0.1162650351224864,0.11586670186243121,0.11545169619926234,0.11502001813298002,0.11457166766358386,0.11410664479107423,0.11362494951545077,0.11312658183671385
PD22,pathway,japan,Electric Power,"Crude, NGL, refinery feedstocks",Crude oil,CRUDEOIL,Electricity output,CO2e,ELAUTOE,Mt,1.4556960724568782e-06,6.298904314115744e-07,6.193825005712356e-07,6.013204602947503e-07,5.909866285423867e-07,0.0,0.0,0.0,0.0,0.0,0.0,0.0,0.0,0.0,0.0,0.0,0.0,0.0,0.0,0.0,0.0,0.0,0.0,0.0,0.0,0.0,0.0,0.0,0.0,0.0,0.0,5.9774038772139064e-06,6.036157644053167e-06,6.2905113182724066e-06,6.7931357711608826e-06,7.608817184635043e-06,9.330772233862753e-06,1.151203267738446e-05,1.4248966713816747e-05,1.7648054313610187e-05,2.1822283911294758e-05,2.718431651222261e-05,3.353067312467658e-05,4.092118238057073e-05,4.936633282196774e-05,5.880973305838779e-05,6.648011416488214e-05,6.676120976438318e-05,6.703298791744606e-05,6.72954486240706e-05,6.754859188425715e-05,6.779279041118817e-05,6.802766648881934e-05,6.825322011715084e-05,6.846945129618285e-05,6.867636002591498e-05,6.895800831790259e-05,6.92291666326524e-05,6.948983497016428e-05,6.974001333043806e-05,6.997970171347388e-05,7.007612035101999e-05,7.025550431584126e-05,7.042498206739354e-05,7.058455360567701e-05,7.073421893069182e-05,7.087397804243766e-05,7.100383094091486e-05,7.11237776261231e-05,7.123381809806267e-05,7.133395235673327e-05,7.142418040213507e-05,7.150450223426821e-05,7.157491785313238e-05,7.163542725872791e-05,7.168603045105446e-05,7.17267274301122e-05,7.175751819590128e-05,7.177840274842141e-05,7.178938108767287e-05,7.179045321365538e-05,7.178161912636921e-05,7.176287882581412e-05,7.173423231199019e-05,7.169567958489759e-05,7.164722064453606e-05,7.158885549090585e-05,7.152058412400668e-05,7.144240654383873e-05,7.135432275040207e-05,7.12563327436965e-05,7.114843652372222e-05,7.1030634090479e-05,7.09029254439671e-05,7.076531058418626e-05,7.061778951113662e-05,7.046036222481828e-05,7.029302872523104e-05,7.011578901237508e-05,6.992864308625021e-05,6.973159094685651e-05,6.952463259419413e-05,6.930776802826282e-05,6.908099724906281e-05,6.884432025659389e-05,6.859773705085615e-05,6.834124763184969e-05,6.807485199957434e-05,6.779855015403026e-05,6.751234209521728e-05,6.721622782313559e-05
PD22,pathway,japan,Electric Power,"Crude, NGL, refinery feedstocks",Crude oil,CRUDEOIL,Electricity output,CO2e,ELMAINE,Mt,6.954834688339222,2.7830425061525403,2.749397519205413,2.029892732367614,2.6865306554931223,2.1288368967690605,2.068583109780066,1.6007717738848353,1.143583458691122,1.0745712531088465,0.7036779109756344,0.4210309562610366,0.6212906403876488,0.5437886002761667,0.5214596455236276,0.6049050906106181,0.4967985935026995,0.8714294389706829,0.6944772553462668,0.3743210334438789,0.5437449076443563,1.1677719501446244,1.2965465258875692,1.176009881949689,0.6785297933195995,0.5706104066572877,0.24699233565026235,0.12357615477906414,0.04698720227661651,0.01476051244752169,0.02025793150545127,0.021764526098093817,0.02197845641265886,0.022904592122141965,0.02473471490573581,0.027704719907232084,0.03397458829466468,0.04191684898592252,0.05188239146695975,0.06425892353591098,0.07945785117815474,0.09898172824568846,0.12208966054487684,0.14899949211762403,0.1797494131468495,0.2141340950459265,0.24206297741758828,0.2430864840497437,0.24407606461460682,0.24503171911217717,0.245953447542456,0.24684260700393498,0.2476978221820341,0.24851909307675385,0.2493064196880949,0.2500598020160559,0.25108532107539455,0.2520726447261495,0.2530217729683202,0.25393270580190597,0.2548054432269073,0.2551565163677426,0.2558096773493545,0.256426768484984,0.2570077897746316,0.25755274121829796,0.2580616228159819,0.2585344345676846,0.25897117647340495,0.25937184853314393,0.2597364507469006,0.2600649831146754,0.26035744563646895,0.26061383831228013,0.26083416114211,0.26101841412595744,0.2611665972638231,0.26127871055570745,0.26135475400160946,0.26139472760153015,0.2613986313554685,0.26136646526342555,0.26129822932540026,0.2611939235413931,0.26105354791140456,0.2608771024354338,0.26066458711348167,0.2604160019455472,0.2601313469316309,0.2598106220717333,0.2594538273658534,0.25906096281399205,0.2586320284161484,0.2581670241723234,0.2576659500825161,0.257128806146727,0.2565555923649565,0.25594630873720375,0.2553009552634696,0.2546195319437532,0.25390203877805495,0.2531484757663753,0.25235884290871335,0.25153314020507006,0.2506713676554445,0.2497735252598371,0.24883961301824822,0.2478696309306772,0.2468635789971247,0.24582145721758997,0.2447432655920738
PD22,pathway,japan,Electric Power,"Crude, NGL, refinery feedstocks",Natural gas liquids,NGL,Electricity output,CO2e,ELAUTOE,Mt,0.003698703280462118,0.0016004562003533885,0.0015737571393300027,0.0015278642301668147,0.001501607528561719,0.0015023135269708957,0.001628199227025725,0.0022731076542662695,0.0017741742635039495,0.0017939185732701209,0.00017236580525643494,0.000195222535542912,0.00017024737381733678,0.0001671233949503911,0.0001169263314264818,3.611435638050021e-05,7.102977769799976e-05,7.225701120372745e-05,8.315749660038911e-05,0.0001233434835048201,0.00012252903498185597,0.00011630710022704385,0.00010234536206885796,8.964736176728702e-05,7.869677808377889e-05,8.623685231449324e-05,9.30078051521176e-05,8.675265668020614e-05,7.933087307569352e-05,6.21716233170904e-05,4.6084206189701e-05,4.9511516417941525e-05,4.3686618542473725e-05,3.780679048850363e-05,3.19680542703302e-05,2.632386282611684e-05,2.5815315405476906e-05,2.618052301954889e-05,2.7895331667000074e-05,3.159347181364198e-05,3.8097354612315435e-05,5.1374507958566566e-05,7.012807691001273e-05,9.586639399234998e-05,0.00013019145040995525,0.00017464378854769935,0.00022987008637250238,0.0002998905960851786,0.00038011512053714823,0.0004691731333069137,0.000559512672187893,0.0005615353963711244,0.0005634809016461066,0.0005653491880128405,0.0005671402554713277,0.0005688541040215655,0.0005711870288697572,0.0005734330640429491,0.0005755922095411404,0.0005776644653643294,0.0005796498315125174,0.000580448478057727,0.000581934335848468,0.0005833381393475829,0.0005846598885550733,0.0005858995834709406,0.000587057224095182,0.0005881328104278003,0.0005891263424687928,0.0005900378202181621,0.0005908672436759055,0.0005916146128420246,0.0005922799277165204,0.0005928631882993904,0.0005933643945906372,0.0005937835465902582,0.0005941206442982546,0.0005943756877146278,0.0005945486768393753,0.0005946396116724996,0.0005946484922139981,0.0005945753184638733,0.0005944200904221228,0.0005941828080887478,0.0005938634714637495,0.0005934620805471254,0.0005929786353388782,0.0005924131358390052,0.0005917655820475078,0.0005910359739643871,0.0005902243115896407,0.0005893305949232708,0.0005883548239652753,0.0005872969987156565,0.0005861571191744119,0.000584935185341543,0.0005836311972170505,0.0005822451548009325,0.0005807770580931912,0.0005792269070938243,0.0005775947018028328,0.0005758804422202179,0.0005740841283459773,0.0005722057601801133,0.000570245337722624,0.00056820286097351,0.0005660783299327725,0.0005638717446004097,0.0005615831049764232,0.0005592124110608113,0.0005567596628535756
PD22,pathway,japan,Electric Power,"Crude, NGL, refinery feedstocks",Natural gas liquids,NGL,Electricity output,CO2e,ELMAINE,Mt,0.14594937260690166,0.03439405607173196,0.037567823390466104,0.02636190175959441,0.04331698698776759,0.02424963908114519,0.021827927127096858,0.008590799221988035,0.0025445093827967183,0.005803095312796401,0.0034480162099429015,0.0009412479325801373,0.0042567845124386605,0.0033695583169983598,0.0010527573839049006,0.002137892916243063,0.0011964029157387254,0.0011788972234592146,2.3522056861510125e-05,0.003036535662977489,0.0011416793990595402,0.00021541108024737796,4.5431758787628564e-07,9.397456255468914e-07,8.662276068660313e-08,4.839068654746126e-06,1.8536662431102363e-05,1.716647070918126e-05,1.8199904114252994e-05,1.6576681362841526e-05,1.6033865419637117e-05,1.722631366806189e-05,1.519968380198742e-05,1.3153942332124998e-05,1.1122497755265275e-05,9.158740244792868e-06,8.98180368504221e-06,9.10886868666448e-06,9.7054941544112e-06,1.0992171007867839e-05,1.3255036968274193e-05,1.7874495726733858e-05,2.4399338521412922e-05,3.335435253483366e-05,4.529691118184217e-05,6.076300827278163e-05,7.997763949161297e-05,0.0001043395526539221,0.00013225170162579122,0.00016323724546727034,0.00019466866478101789,0.000195372421881693,0.00019604931256358627,0.00019669933682669812,0.00019732249467102907,0.00019791878609657807,0.00019873046988464328,0.00019951192254863168,0.00020026314408854289,0.0002009841345043764,0.0002016748937961327,0.0002019527632069898,0.0002024697308585837,0.00020295814973874784,0.0002034180198474826,0.00020384934118478854,0.0002042521137506647,0.00020462633754511202,0.0002049720125681296,0.0002052891388197183,0.00020557771629987724,0.00020583774500860692,0.0002060692249459077,0.00020627215611177872,0.0002064465385062209,0.0002065923721292333,0.0002067096569808164,0.00020679839306097058,0.00020685858036969507,0.0002068902189069907,0.00020689330867285657,0.00020686784966729354,0.0002068138418903008,0.00020673128534187874,0.00020662018002202777,0.00020648052593074707,0.00020631232306803752,0.00020611557143389823,0.00020589027102832968,0.0002056364218513322,0.000205354023902905,0.00020504307718304887,0.00020470358169176304,0.00020433553742904827,0.00020393894439490383,0.0002035138025893301,0.00020306011201232736,0.00020257787266389504,0.00020206708454403372,0.00020152774765274276,0.00020095986199002248,0.00020036342755587325,0.00019973844435029433,0.0001990849123732865,0.00019840283162484898,0.00019769220210498215,0.00019695302381368636,0.00019618529675096091,0.0001953890209168065,0.00019456419631122245,0.0001937108229342094
PD22,pathway,japan,Electric Power,Electricity and Heat,Elec/heat from manufactured gases,MANGAS,Electricity output,CO2e,ELAUTOE,Mt,0.7408277402765249,0.0,0.0,0.0,0.0,0.0,0.0,0.0,0.0,0.0,0.0,0.0,0.0,0.0,0.0,0.0,0.0,0.0,0.0,0.0,0.0,0.0,0.0,0.0,0.0,0.0,0.0,0.0,0.0,0.0,0.0,4.6971140972376725e-06,4.743283496554742e-06,4.943157597987601e-06,5.338125790161892e-06,5.97909781493831e-06,7.332230295641129e-06,9.046290344029263e-06,1.1197005221225716e-05,1.3868048137298045e-05,1.714820672974867e-05,2.1361754858172193e-05,2.634879634353848e-05,3.215634522675135e-05,3.879264352722159e-05,4.6213378228692174e-05,5.224085369573275e-05,5.246174191580451e-05,5.267530837714723e-05,5.288155307976079e-05,5.308047602364545e-05,5.3272370091192875e-05,5.3456938468703876e-05,5.3634181156178554e-05,5.380409815361707e-05,5.396668946101913e-05,5.418801199333136e-05,5.440109137845536e-05,5.460592761639103e-05,5.4802520707138236e-05,5.4990870650697066e-05,5.5066637547322665e-05,5.520759957152054e-05,5.5340777177105964e-05,5.546617036407906e-05,5.558377913243994e-05,5.569360348218839e-05,5.579564341332463e-05,5.5889898925848424e-05,5.597637001976002e-05,5.605505669505915e-05,5.6125958951745975e-05,5.618907678982058e-05,5.624441020928274e-05,5.62919592101327e-05,5.63317237923702e-05,5.636370395599539e-05,5.638789970100837e-05,5.64043110274089e-05,5.641293793519723e-05,5.6413780424373106e-05,5.6406838494936795e-05,5.6392112146888033e-05,5.6369601380226936e-05,5.633930619495364e-05,5.6301226591067885e-05,5.6255362568569944e-05,5.6201714127459545e-05,5.614028126773683e-05,5.607106398940191e-05,5.599406229245453e-05,5.590927617689495e-05,5.5816705642722926e-05,5.571635068993867e-05,5.5608211318542004e-05,5.5492287528533e-05,5.536857931991178e-05,5.5237086692678135e-05,5.5097809646832256e-05,5.4950748182373966e-05,5.479590229930334e-05,5.463327199762048e-05,5.446285727732521e-05,5.42846581384177e-05,5.4098674580897784e-05,5.390490660476553e-05,5.370335421002104e-05,5.349401739666414e-05,5.327689616469499e-05,5.305199051411343e-05,5.281930044491964e-05
PD22,pathway,japan,Electric Power,Electricity and Heat,Other sources,OTHER,Electricity output,CO2e,ELAUTOE,Mt,0.20407399790503888,0.09136812853755061,0.08894333597673032,0.08706117272729885,0.09113588800909178,0.09753675092943603,0.09806894485318907,0.10279761204593318,0.07891128854704754,0.07862028898375628,0.06231696512126195,0.06285478911248554,0.06292665667838093,0.06484572430911362,0.05795620746649499,0.05398351227843767,0.05773312494716931,0.05345760021400536,0.05495101053775653,0.0654044251928163,0.08015979680574759,0.07155909854639775,0.06716890286980393,0.07456653802054625,0.07178314165275157,0.06882578994833244,0.06538770491082169,0.06049671660611711,0.059082941618399665,0.053237843861465906,0.04620102791207531,0.049637026242316085,0.043797362470704315,0.037902629274662536,0.03204909208066914,0.026390592824291015,0.025880756255144466,0.026246889656726224,0.027966045279341267,0.031673560071598716,0.038193929967555384,0.05150474039614289,0.07030584893667419,0.09610941168083748,0.13052148082021553,0.17508650395644776,0.2304527983606796,0.30065080742123407,0.38107869801310335,0.4703624694820677,0.5609310156825422,0.5629588673951923,0.5649093044525767,0.5667823268546966,0.5685779346015536,0.5702961276931446,0.5726349664177264,0.5748866952052636,0.577051314055755,0.5791288229691995,0.5811192219455982,0.5819198930296399,0.5834095174137686,0.5848168795017408,0.5861419792935578,0.5873848167892212,0.5885453919887281,0.5896237048920814,0.5906197554992781,0.5915335438103211,0.5923650698252078,0.5931143335439395,0.5937813349665173,0.5943660740929387,0.5948685509232063,0.5952887654573175,0.5956267176952735,0.5958824076370759,0.5960558352827219,0.596147000632214,0.5961559036855499,0.5960825444427319,0.5959269229037576,0.5956890390686282,0.5953688929373449,0.5949664845099054,0.5944818137863119,0.5939148807665622,0.5932656854506575,0.5925342278385988,0.5917205079303839,0.590824525726015,0.5898462812254899,0.5887857744288106,0.5876430053359754,0.586417973946985,0.5851106802618405,0.5837211242805402,0.5822493060030856,0.5806952254294749,0.5790588825597092,0.5773402773937892,0.5755394099317135,0.5736562801734834,0.5716908881190974,0.5696432337685562,0.5675133171218609,0.5653011381790096,0.563006696940004,0.5606299934048425,0.5581710275735269
PD22,pathway,japan,Electric Power,Emissions,"Fossil Fuels, Addtl Emissions",EM,Emissions,CO2e,IND,Mt,0.0,0.0,0.0,0.0,0.0,0.0,0.0,0.0,0.0,0.0,0.0,0.0,0.0,0.0,0.0,0.0,0.0,0.0,0.0,0.0,0.0,0.0,0.0,0.0,0.0,0.0,0.0,0.0,0.0,0.0,0.0,0.042218864285832325,0.04227392900696891,0.04232536419850952,0.04237316986045414,0.042417345992801,0.06548926930419796,0.10515150053118738,0.1678229991168596,0.2616833994878105,0.3969223045325805,0.6178986953165593,0.9107121709885266,1.291562301296893,1.7767588088902935,2.380863448943941,3.064887318794325,3.7731908772324756,4.584147504049889,5.483955493583559,6.396563805942191,6.419688365836909,6.44193012950878,6.4632890969578165,6.48376526818404,6.503358643187415,6.53002953624793,6.555707073165071,6.580391253938826,6.60408207856918,6.6267795470561435,6.635909981162044,6.652896878219916,6.668945699094662,6.684056443786297,6.6982291122948405,6.711463704620257,6.72376022076258,6.735118660721779,6.74553902449788,6.755021312090858,6.763565523500729,6.771171658727503,6.777839717771151,6.783569700631705,6.788361607309135,6.7922154378034545,6.795131192114678,6.797108870242781,6.798148472187787,6.798249997949668,6.797413447528456,6.79563882092412,6.792926118136672,6.78927533916613,6.784686484012463,6.779159552675701,6.772694545155816,6.76529146145282,6.7569503015667305,6.747671065497515,6.737453753245205,6.726298364809772,6.714204900191239,6.701173359389587,6.687203742404826,6.672296049236965,6.656450279885984,6.639666434351905,6.621944512634704,6.603284514734392,6.583686440650985,6.563150290384456,6.541676063934827,6.51926376130208,6.495913382486219,6.471624927487262,6.4463983963051845,6.420233788940007,6.393131105391709,6.365090345660313
PD22,pathway,japan,Electric Power,Emissions,"Fossil fuel Heat, Addtl Emissions",EM,Emissions,CO2e,IND,Mt,0.0,0.0,0.0,0.0,0.0,0.0,0.0,0.0,0.0,0.0,0.0,0.0,0.0,0.0,0.0,0.0,0.0,0.0,0.0,0.0,0.0,0.0,0.0,0.0,0.0,0.0,0.0,0.0,0.0,0.0,0.0,5.591825439222372e-05,5.599118679191703e-05,5.605931193393334e-05,5.612262981827612e-05,5.618114044494624e-05,8.67395578459931e-05,0.00013927158998448472,0.00022227905265163363,0.0003465957493246005,0.0005257176566506871,0.0008183975816926517,0.0012062246513940816,0.0017106549536332148,0.002353290472157375,0.0031534180339350005,0.004059397420440756,0.004997534891394801,0.006071634816310464,0.007263417042432193,0.008472153104715477,0.008502781238483987,0.008532240121856953,0.008560529754834394,0.008587650137416332,0.008613601269602724,0.008648926468616336,0.008682935982273014,0.008715629810572743,0.008747007953515499,0.0087770704111013,0.008789163534535143,0.008811662425660817,0.008832918848910232,0.008852932804283408,0.008871704291780372,0.008889233311401071,0.008905519863145554,0.00892056394701378,0.008934365563005784,0.008946924711121532,0.008958241391361041,0.008968315603724332,0.008977147348211362,0.008984736624822175,0.008991083433556729,0.008996187774415047,0.009000049647397142,0.009002669052502984,0.009004045989732607,0.009004180459085971,0.009003072460563116,0.009000721994164004,0.008997129059888653,0.008992293657737082,0.008986215787709254,0.008978895449805208,0.008970332644024904,0.00896052737036836,0.008949479628835598,0.008937189419426578,0.008923656742141338,0.008908881596979843,0.008892863983942123,0.008875603903028152,0.008857101354237942,0.008837356337571508,0.008816368853028823,0.008794138900609913,0.00877066648031475,0.008745951592143347,0.008719994236095725,0.008692794412171845,0.008664352120371742,0.008634667360695389,0.008603740133142794,0.008571570437713975,0.008538158274408904,0.008503503643227609,0.00846760654417006,0.00843046697723629
PD22,pathway,japan,Electric Power,Emissions,"Fugitive Natural Gas, Distribution, Addtl Emissions",EM,Emissions,CO2e,IND,Mt,0.0,0.0,0.0,0.0,0.0,0.0,0.0,0.0,0.0,0.0,0.0,0.0,0.0,0.0,0.0,0.0,0.0,0.0,0.0,0.0,0.0,0.0,0.0,0.0,0.0,0.0,0.0,0.0,0.0,0.0,0.0,0.0006418520258745508,0.0006426891730459267,0.0006434711405964716,0.0006441979285261162,0.0006448695368349161,0.000995631239423228,0.0015986148557373403,0.0025514076182207163,0.003978364244046115,0.0060343969357916916,0.009393893845393297,0.013845527629073498,0.01963557982086213,0.027012006605762348,0.036196189875911756,0.046595382607331357,0.05736369865770512,0.06969264598075806,0.08337239769246152,0.09724675229735098,0.09759831423221012,0.09793645504469531,0.09826117473480676,0.0985724733025448,0.09887035074790886,0.09927582747098877,0.09966620223280505,0.10004147503335752,0.10040164587264591,0.10074671475067042,0.10088552444456247,0.10114377569016919,0.1013877653939569,0.10161749355592581,0.10183296017607621,0.1020341652544076,0.10222110879092042,0.10239379078561425,0.10255221123848952,0.10269637014954579,0.10282626751878331,0.10294190334620228,0.10304327763180221,0.10313039037558358,0.10320324157754598,0.1032618312376896,0.10330615935601467,0.10333622593252074,0.10335203096720827,0.10335357446007679,0.10334085641112677,0.10331387682035775,0.10327263568776994,0.10321713301336356,0.10314736879713822,0.10306334303909431,0.10296505573923141,0.10285250689754974,0.10272569651404952,0.10258462458873029,0.10242929112159248,0.1022596961126357,0.10207583956186032,0.101877721469266,0.10166534183485292,0.10143870065862122,0.10119779794057059,0.10094263368070135,0.10067320787901314,0.10038952053550616,0.10009157165018061,0.09977936122303609,0.09945288925407295,0.09911215574329091,0.09875716069069004,0.09838790409627059,0.09800438596003218,0.09760660628197516,0.09719456506209921,0.09676826230040467
PD22,pathway,japan,Electric Power,Emissions,"Fugitive Natural Gas, Production, Addtl Emissions",EM,Emissions,CO2e,IND,Mt,0.0,0.0,0.0,0.0,0.0,0.0,0.0,0.0,0.0,0.0,0.0,0.0,0.0,0.0,0.0,0.0,0.0,0.0,0.0,0.0,0.0,0.0,0.0,0.0,0.0,0.0,0.0,0.0,0.0,0.0,0.0,0.0034422587081179845,0.003446748336606409,0.003450942036247129,0.0034548398070399777,0.0034584416489851777,0.005339580099181285,0.008573387145722366,0.013683224073044398,0.021336006448641698,0.032362529933853745,0.05037954479988149,0.07425370042998425,0.10530580710595189,0.14486565627916426,0.19412052120780282,0.24989149379038922,0.30764207835177737,0.3737623437305183,0.447126986290216,0.5215352860741496,0.5234207161778603,0.5252341686706858,0.5269756435526269,0.5286451408236854,0.5302426604838583,0.5324172361254311,0.5345108198006726,0.5365234115095816,0.5384550112521568,0.5403056190283992,0.54105005677777,0.5424350607401097,0.5437435799138399,0.5449756142989615,0.5461311638954762,0.5472102287033813,0.5482128087226791,0.5491389039533674,0.5499885143954485,0.55076164004892,0.5514582809137832,0.5520784369900393,0.5526221082776857,0.5530892947767247,0.5534799964871544,0.5537942134089757,0.5540319455421898,0.5541931928867944,0.5542779554427918,0.5542862332101796,0.5542180261889602,0.5540733343791314,0.553852157780694,0.5535544963936495,0.5531803502179955,0.5527297192537343,0.5522026035008636,0.5515990029593846,0.5509189176292982,0.5501623475106023,0.5493292926032991,0.5484197529073865,0.5474337284228665,0.5463712191497373,0.5452322250879997,0.5440167462376546,0.5427247825987002,0.5413563341711384,0.5399114009549673,0.5383899829501877,0.5367920801568008,0.5351176925748046,0.5333668202042008,0.5315394630449879,0.5296356210971664,0.5276552943607377,0.5255984828356994,0.5234651865220539,0.521255405419799,0.5189691395289366
PD22,pathway,japan,Electric Power,Emissions,"Fugitive Petroleum, Addtl Emissions",EM,Emissions,CO2e,IND,Mt,0.0,0.0,0.0,0.0,0.0,0.0,0.0,0.0,0.0,0.0,0.0,0.0,0.0,0.0,0.0,0.0,0.0,0.0,0.0,0.0,0.0,0.0,0.0,0.0,0.0,0.0,0.0,0.0,0.0,0.0,0.0,0.0008128097853231653,0.0008138699072597483,0.0008148601524428228,0.0008157805208724167,0.000816631012548516,0.0012608183527565986,0.002024407099028555,0.0032309769149863055,0.005038004488237741,0.007641663000521964,0.011895964384344024,0.017533294102389713,0.024865530956523232,0.034206674444101165,0.04583707168715316,0.05900609705564428,0.07264256201074115,0.08825533352650769,0.10557869717393673,0.12314849633836555,0.12359369705329872,0.12402190192003665,0.12443311093857962,0.12482732410892802,0.12520454143108117,0.12571801717775516,0.1262123685446689,0.12668759553182232,0.12714369813921503,0.12758067636684722,0.1277564581248614,0.1280834947797898,0.12839247132074022,0.12868338774771296,0.12895624406070835,0.1292110402597258,0.12944777634476579,0.12966645231582785,0.12986706817291252,0.13004962391601918,0.13021411954514825,0.1303605550602999,0.13048893046147356,0.13059924574866982,0.13069150092188814,0.1307656959811288,0.13082183092639205,0.13085990575767734,0.13087992047498526,0.13088187507831522,0.1308657695676678,0.13083160394304238,0.1307793782044393,0.13070909235185885,0.13062074638530044,0.1305143403047646,0.13038987411025085,0.13024734780175942,0.1300867613792906,0.1299081148428438,0.12971140819241958,0.12949664142801742,0.12926381454963784,0.12901292755728036,0.1287439804509452,0.1284569732306326,0.12815190589634212,0.12782877844807417,0.1274875908858283,0.12712834320960478,0.1267510354194038,0.1263556675152249,0.12594223949706856,0.12551075136493436,0.12506120311882243,0.12459359475873304,0.12410792628466581,0.12360419769662107,0.12308240899459844,0.12254256017859837
PD22,pathway,japan,Electric Power,Emissions,"Fugitive Solid Fuels, Addtl Emissions",EM,Emissions,CO2e,IND,Mt,0.0,0.0,0.0,0.0,0.0,0.0,0.0,0.0,0.0,0.0,0.0,0.0,0.0,0.0,0.0,0.0,0.0,0.0,0.0,0.0,0.0,0.0,0.0,0.0,0.0,0.0,0.0,0.0,0.0,0.0,0.0,0.007586621550075279,0.0075965165391302936,0.0076057593110328,0.007614349865782355,0.0076222882033796235,0.011768253604317103,0.018895454755763375,0.03015736219426257,0.047023835231812416,0.07132591935408938,0.11103480960347067,0.16365263962479937,0.2320904305228395,0.3192789975957995,0.42783505087337725,0.5507523846187677,0.6780327160853186,0.8237595404625953,0.9854527266674433,1.1494460980296728,1.1536015220895321,1.1575983099339964,1.1614364615630683,1.1651159769767512,1.1686368561750387,1.1734295472025082,1.1780437346806356,1.1824794186094185,1.186736598988854,1.1908152758189445,1.1924559913929211,1.1955084931943827,1.1983924251134728,1.2011077871501945,1.203654579304551,1.2060328015765358,1.208242453966155,1.2102835364734028,1.212156049098285,1.213859991840796,1.215395364700939,1.216762167678716,1.2179604007741214,1.2189900639871611,1.21985115731783,1.2205436807661303,1.2210676343320646,1.2214230180156282,1.2216098318168258,1.2216280757356524,1.2214777497721134,1.2211588539262033,1.220671388197924,1.2200153525872794,1.219190747094264,1.2181975717188822,1.2170358264611298,1.215705511321009,1.214206626298522,1.2125391713936642,1.2107031466064402,1.2086985519368454,1.2065253873848842,1.2041836529505527,1.2016733486338527,1.1989944744347862,1.1961470303533495,1.193131016389546,1.1899464325433722,1.1865932788148297,1.183071555203921,1.179381261710642,1.175522398334996,1.1714949650769804,1.1672989619365957,1.1629343889138446,1.1584012460087234,1.1536995332212352,1.1488292505513769,1.143790397999152
PD22,pathway,japan,Electric Power,Emissions,"Other Fossil Transformation, Addtl Emissions",EM,Emissions,CO2e,IND,Mt,0.0,0.0,0.0,0.0,0.0,0.0,0.0,0.0,0.0,0.0,0.0,0.0,0.0,0.0,0.0,0.0,0.0,0.0,0.0,0.0,0.0,0.0,0.0,0.0,0.0,0.0,0.0,0.0,0.0,0.0,0.0,0.04193704875473614,0.0419917459128456,0.04204283776886353,0.042090324322791695,0.042134205574628325,0.06505212127754678,0.10444960277839144,0.1667027622647721,0.2599366342099394,0.3942728047900399,0.6137741540260784,0.904633067760999,1.2829409818454955,1.7648987497478519,2.3649709253367637,3.0444288611331425,3.7480044159436514,4.5535478186881715,5.447349491596698,6.35386604377702,6.376836244708316,6.398929542177987,6.4201459361860485,6.440485426732521,6.459948013817368,6.486440875753176,6.511947012306382,6.536466423476973,6.5599991092649335,6.582545069670276,6.591614557131113,6.608488064795474,6.624429758037707,6.63943963685783,6.653517701255857,6.666663951231755,6.678878386785556,6.69016100791723,6.7005118146268074,6.709930806914257,6.718417984779597,6.725973348222838,6.732596897243951,6.738288631842966,6.743048552019857,6.746876657774636,6.749772949107316,6.751737426017871,6.752770088506328,6.752870936572659,6.7520399702168925,6.750277189439,6.747582594238994,6.7439561846168905,6.739397960572663,6.733907922106335,6.727486069217883,6.7201324019073185,6.711846920174655,6.702629624019867,6.6924805134429795,6.681399588443966,6.669386849022853,6.656442295179617,6.642565926914269,6.62775774422682,6.612017747117248,6.595345935585575,6.5777423096317795,6.5592068692558705,6.539739614457863,6.519340545237732,6.498009661595498,6.475746963531143,6.452552451044674,6.428426124136106,6.403367982805413,6.37737802705262,6.350456256877703,6.322602672280688
PD22,pathway,japan,Electric Power,Natural gas,Natural gas,NATGAS,Electricity output,CO2e,ELAUTOE,Mt,0.18360887506693963,0.09493503020950633,0.10489294847950048,0.10842139152121988,0.11651490043808455,0.12063550540244772,0.126535883876438,0.14633350551257296,0.15360589416656878,0.16965919696135146,0.14311448135148042,0.1465873359637977,0.16617287185010765,0.18003983429963477,0.1870680168668004,0.2065841924822034,0.23051348035609243,0.22305633284097626,0.31326874486167355,0.4324852733558697,0.7990624050942445,0.7157054873193376,0.701758670304411,0.7431588958200548,0.7257386310510485,0.7155117571446512,0.33711995358473246,0.32351177688524313,0.36245124675673956,0.3298168850948473,0.29755497899858385,0.3196843223746577,0.2820743143413402,0.24410963494744298,0.2064102759604336,0.1699670472383512,0.16668347506515557,0.16904153551406376,0.18011365529797851,0.20399168433764858,0.2459857397761267,0.3317132245643437,0.4528006485838798,0.6189869634217242,0.8406158529250498,1.1276342402347215,1.4842175742686092,1.9363236865288591,2.4543147438167665,3.029341576443111,3.612642924497554,3.625703183133318,3.6382648572751264,3.650327946922986,3.661892452076909,3.6729583727368755,3.6880215247710333,3.7025236504241947,3.716464749696352,3.7298448225874945,3.742663869097633,3.747820543707778,3.757414381169116,3.7664784131929694,3.7750126397793466,3.7830170609282563,3.790491676639682,3.7974364869136394,3.803851491750112,3.809736691149117,3.815092085110637,3.8199176736346825,3.8242134567212593,3.827979434370352,3.831215606581977,3.833921973356117,3.8360985346927805,3.837745290591976,3.838862241053688,3.839449386077932,3.839506725664693,3.839034259813985,3.838031988525793,3.836499911800125,3.834438029636989,3.8318463420363686,3.8287248489982804,3.8250735505227076,3.82089244660966,3.816181537259143,3.810940822471143,3.8051703022456738,3.798869976582721,3.7920398454822988,3.7846799089443945,3.7767901669690134,3.7683706195561633,3.7594212667058313,3.7499421084180287,3.739933144692744,3.7293943755299828,3.718325800929753,3.7067274208920393,3.6945992354168573,3.6819412445041917,3.66875344815405,3.655035846366438,3.640788439141345,3.626011226478782,3.610704208378736,3.594867384841221
PD22,pathway,japan,Electric Power,Natural gas,Natural gas,NATGAS,Electricity output,CO2e,ELMAINE,Mt,9.649529277529773,4.4664644218778164,4.357880245080057,4.2063955155523125,4.453135512109434,4.5378973031982,4.749656073740283,5.335272228317038,5.000693798078871,5.204528821647344,4.306400934496466,4.30521819769131,4.345935879640884,4.446217076247201,3.917770942628998,3.350384374909602,3.8473738315288983,3.8817626468566075,4.362029969257357,5.1734190591858535,6.36664899833341,7.116545063628571,7.061726090702159,7.691068397474851,7.860421171855904,7.119257090732347,7.448533100101926,6.656981605468431,6.702072782169552,5.786958277047503,5.7545629219132906,6.182533239556179,5.455174690726707,4.7209569770197675,3.9918704259002027,3.2870767993082524,3.223574172859564,3.269177870275712,3.483307071507461,3.945096086171226,4.757239896301115,6.415166128997505,8.75693571698389,11.970895062291348,16.257085783256358,21.80787634666158,28.70401782448038,37.44752155995507,47.46520683675175,58.585935185083486,69.86668848019842,70.1192672821022,70.36220371185675,70.59549776946223,70.81914945491884,71.03315876822622,71.32447251627586,71.60493629763644,71.87455011230782,72.13331396028978,72.38122784158253,72.4809553225737,72.66649529074928,72.84178908950554,73.00683671884265,73.1616381787608,73.30619346925964,73.4405025903395,73.56456554200005,73.67838232424164,73.78195293706392,73.87527738046707,73.95835565445124,74.0311877590161,74.093773694162,74.1461134598886,74.18820705619602,74.22005448308448,74.24165574055365,74.25301082860383,74.25411974723474,74.24498249644665,74.22559907623929,74.19596948661275,74.15609372756724,74.10597179910243,74.04560370121867,73.97498943391558,73.89412899719338,73.80302239105218,73.7016696154917,73.5900706705122,73.46822555611344,73.33613427229565,73.19379681905862,73.04121319640244,72.87838340432724,72.70530744283279,72.52198531191931,72.32841701158658,72.1246025418347,71.91054190266381,71.68623509407367,71.45168211606449,71.20688296863607,70.9518376517885,70.68654616552189,70.41100850983605,70.12522468473118,69.82919469020705,69.52291852626391
PD22,pathway,japan,Electric Power,Oil products,Bitumen,BITUMEN,Electricity output,CO2e,ELAUTOE,Mt,0.005348737339412966,0.002314438112444542,0.002275828293328362,0.0022094620297375307,0.0021714919116621323,0.0021725128640787995,0.0021332203817174093,0.0022828515792281453,0.0020666433601810395,0.001992892761389229,0.001594403094049117,0.001597130323209673,0.0015946081155124164,0.0015738549467599963,0.0014569313280325367,0.0013339254170688687,0.0013893637106135136,0.001279883937457156,0.0014545393905170435,0.003453096083136469,0.03245513054825555,0.09525747028350062,0.08127524823362453,0.09360903275631438,0.07678434242903032,0.0712080713005363,0.03630240238051552,0.03582592797157497,0.036600164797832624,0.02109258214744647,0.0029948280178521067,0.0032175551850545554,0.0028390183977055547,0.0024569119180214705,0.0020774758321951414,0.0017106824321814831,0.0016776339717725006,0.0017013673521513034,0.0018128058992644414,0.0020531332183358966,0.0024757945168752335,0.003338623545002393,0.0045573428932172665,0.006229973052305732,0.008460621015528594,0.011349400463436337,0.014938336407502292,0.019488688939313343,0.024702159527449745,0.030489683147998294,0.036360488018693016,0.03649193676344068,0.036618367360561344,0.03673977981005507,0.03685617411192198,0.03696755026616187,0.03711915770993877,0.03726511854168377,0.037405432761396795,0.03754010036907776,0.03766912136472675,0.037721022205550805,0.03781758215331115,0.037908809721241964,0.03799470490934331,0.03807526771761531,0.03815049814605778,0.03822039619467089,0.03828496186345447,0.03834419515240867,0.03839809606153335,0.038446664590828586,0.03848990074029445,0.03852780450993078,0.03856037589973775,0.03858761490971519,0.03860952153986318,0.0386260957901818,0.038637337660670894,0.03864324715133063,0.03864382426216084,0.03863906899316167,0.038628981344332985,0.03861356131567484,0.03859280890718734,0.0385667241188703,0.0385353069507239,0.03849855740274797,0.038456475474942596,0.03840906116730785,0.038356314479843584,0.03829823541254994,0.03823482396542677,0.03816608013847423,0.038092003931692174,0.03801259534508067,0.03792785437863978,0.03783778103236938,0.0377423753062696,0.037641637200340305,0.03753556671458156,0.03742416384899344,0.037307428603575804,0.03718536097832879,0.03705796097325226,0.03692522858834627,0.0367871638236109,0.036643766679046036,0.03649503715465177,0.036340975250428,0.036181580966374846
PD22,pathway,japan,Electric Power,Oil products,Bitumen,BITUMEN,Electricity output,CO2e,ELMAINE,Mt,0.027681324713574817,0.011977913450332556,0.01177809602198139,0.011434630643910274,0.011238123860877039,0.019388198100994986,0.02381199555673877,0.02308786610652916,0.023453213084849572,0.020176110304093164,0.0058720680919405605,0.011226205895024502,0.00945594489958275,0.00815879891657513,0.0037950383242094654,8.204111473669533e-06,0.10274137695761998,0.09464551080164751,0.10756102140801449,0.1266371716783976,0.14546291950127554,0.12900817080992533,0.121722092207456,0.12881736068434657,0.1276452237313921,0.1245543331583252,0.11954127536082537,0.10263364242465356,0.10583461091844726,0.09724057693720356,0.05894520912281431,0.06332899990138985,0.05587851194082638,0.0483577640989139,0.040889575844212156,0.033670225170386314,0.0330197542924654,0.03348688264216715,0.035680253488429514,0.04041045635689078,0.048729417740319136,0.06571190795245074,0.0896991507638315,0.12262041833742243,0.16652477941851485,0.2233827050327994,0.2940213455458119,0.38358290967278913,0.4861961857078331,0.6001081659894695,0.7156593157581722,0.7182465340230926,0.7207349834239849,0.7231246639608506,0.7254155756336917,0.7276077184425044,0.7305917069803215,0.7334645570069883,0.7362262685225033,0.7388768415268645,0.7414162760200739,0.7424378057699585,0.7443383310354139,0.7461339026132784,0.7478245205035535,0.7494101847062412,0.7508908952213381,0.7522666520488472,0.7535374551887657,0.7547033046410965,0.7557642004058366,0.7567201424829875,0.7575711308725506,0.7583171655745229,0.7589582465889078,0.7594943739157016,0.7599255475549064,0.7602517675065235,0.7604730337705496,0.7605893463469884,0.7606007052358364,0.7605071104370966,0.7603085619507662,0.7600050597768464,0.759596603915339,0.7590831943662409,0.7584648311295551,0.7577415142052787,0.756913243593413,0.7559800192939596,0.7549418413069156,0.7537987096322836,0.7525506242700609,0.7511975852202505,0.7497395924828497,0.7481766460578595,0.7465087459452815,0.7447358921451129,0.7428580846573565,0.7408753234820095,0.7387876086190734,0.7365949400685493,0.7342973178304347,0.7318947419047322,0.7293872122914392,0.726774728990557,0.7240572920020867,0.7212349013260262,0.7183075569623776,0.7152752589111384,0.7121380071723115
PD22,pathway,japan,Electric Power,Oil products,Fuel oil,RESFUEL,Electricity output,CO2e,ELAUTOE,Mt,2.429281248882951,1.0041141759200576,0.9676717924889688,0.8800797521533656,0.9317199177128987,0.9030705297980148,0.8716210641491458,1.0029822624915052,0.8662860500313068,0.8223233937132983,0.5855553462490422,0.5601430609862863,0.5532957149471223,0.5513961166418326,0.49306136164042513,0.39324534564695757,0.3591446501652724,0.2558438336904172,0.2504060360890561,0.25639440619144205,0.28804828398060733,0.2679694547103959,0.2379691653357825,0.1958654544322911,0.16156319901752414,0.14127722652788832,0.10563237406547221,0.1071729185375665,0.10245292169886255,0.09129683569118363,0.07957496234079942,0.08549300031718998,0.08633333767939722,0.08997128137492005,0.09716016695014906,0.10882661157616902,0.13345521399184312,0.16465312258569886,0.20379866256448553,0.2524147847500833,0.3121175285581872,0.388809059575425,0.4795790793075401,0.585283298586907,0.7060717318593124,0.8411378301173271,0.9508449718532717,0.9548653972203637,0.95875255796829,0.9625064540970488,0.9661270856066452,0.9696197833010329,0.9729791448218381,0.9762051701690623,0.9792978593427082,0.982257212342771,0.986285542703385,0.9901638380913352,0.9938920985066196,0.9974703239492361,1.0008985144191864,1.0022775610386954,1.0048432356486752,1.0072672246855292,1.0095495281492597,1.0116901460398695,1.0136890783573538,1.015546325101717,1.0172618862729546,1.0188357618710708,1.020267951896062,1.0215584563479296,1.0227072752266761,1.0237144085322971,1.024579856264797,1.025303618424171,1.025885695010422,1.026326086023552,1.0266247914635565,1.0267818113304397,1.0267971456241975,1.026670794344834,1.0264027574923456,1.0259930350667334,1.025441627068,1.0247485334961413,1.0239137543511614,1.0229372896330562,1.0218191393418274,1.0205593034774776,1.0191577820400024,1.0176145750294057,1.0159296824456838,1.0141031042888404,1.012134840558872,1.0100248912557803,1.007773256379567,1.0053799359302287,1.0028449299077686,1.0001682383121837,0.9973498611434755,0.9943897984016457,0.9912880500866909,0.9880446161986143,0.984659496737413,0.9811326917030881,0.9774642010956416,0.9736540249150702,0.969702163161377,0.965608615834559,0.9613733829346194
PD22,pathway,japan,Electric Power,Oil products,Fuel oil,RESFUEL,Electricity output,CO2e,ELMAINE,Mt,8.487442481494032,3.4645360584721665,3.5553821283423197,2.8286814439020276,3.2006901077171186,2.672448482779256,2.299237058951306,2.1781077086751424,1.7895930416119938,1.7343850581530678,1.2457630772788253,0.8914983172744257,1.1883558639109086,1.3268323891998222,0.9921138428228744,1.0649218687160822,0.8492242591780368,1.2580633807435238,1.254173690232248,0.8685544919574593,1.0463967790177744,1.6587031773695866,2.0725881241492274,1.707524169054011,1.2569710466017625,0.9651754994730304,0.7018343534784091,0.43473828743684617,0.3043083792471859,0.17509574320217203,0.1456806356880309,0.156514992489033,0.15805342716141735,0.16471353650449516,0.17787447795744415,0.19923264162278076,0.24432107585485885,0.30143616610931767,0.37310126001206445,0.46210447630455387,0.571404354236446,0.7118061924758495,0.8779820069155352,1.0714983769714193,1.2926299392777125,1.539900116671704,1.7407447753114607,1.7481051070789562,1.7552214666991366,1.7620938541719993,1.7687222694975528,1.7751164719629642,1.7812665712839144,1.7871725674604073,1.7928344604924475,1.7982522503800262,1.8056270540925594,1.81272718359162,1.8195526388772043,1.8261034199493074,1.8323795268079333,1.8349041951491272,1.839601264392462,1.8440389449568257,1.8482172368422218,1.8521361400486556,1.855795654576118,1.8591957804246175,1.8623365175941466,1.8652178660847119,1.8678398258963065,1.8702023970289343,1.8723055794825993,1.8741493732572931,1.8757337783530235,1.8770587947697832,1.8781244225075757,1.8789306615664054,1.8794775119462643,1.8797649736471602,1.8797930466690853,1.8795617310120472,1.8790710266760382,1.8783209336610622,1.8773114519671228,1.876042581594213,1.8745143225423397,1.8727266748114961,1.8706796384016855,1.8683732133129114,1.8658073995451667,1.8629821970984586,1.8598976059727799,1.8565536261681375,1.8529502576845247,1.8490875005219451,1.844965354680402,1.8405838201598885,1.835942896960411,1.8310425850819638,1.8258828845245496,1.8204637952881715,1.814785317372823,1.8088474507785108,1.802650195505229,1.7961935515529794,1.789477518921766,1.7825020976115826,1.7752672876224354,1.7677730889543184,1.7600195016072373
PD22,pathway,japan,Electric Power,Oil products,Gas/diesel oil excl. biofuels,NONBIODIES,Electricity output,CO2e,ELAUTOE,Mt,0.36300598626574143,0.16375751450638543,0.16406428951221796,0.16598291980277669,0.1686030477236573,0.1706879754921653,0.1725168762107756,0.1843815965382405,0.16094448385606874,0.1695669776647275,0.1347272990060806,0.13603151654356171,0.14267345209253945,0.14542079309996003,0.1230649651929745,0.10155187035579782,0.08703519073573562,0.06712445305973525,0.06323105430340481,0.07342031121079484,0.07709084177730996,0.07445797318002223,0.06128536160222087,0.06023929906870573,0.05139908794391207,0.04144814467928959,0.02828214789896205,0.024124555168874295,0.027704173448593716,0.01595062027229402,0.01816927379158914,0.019520533649451915,0.019712407062421333,0.020543055209752636,0.022184486464389558,0.024848274424184608,0.03047169927078547,0.03759508741062628,0.04653315049821022,0.0576336224141433,0.07126549186716058,0.08877639458780077,0.10950182495014944,0.1336371665766736,0.16121667211994184,0.19205618302918312,0.21710550804873216,0.21802348786429895,0.21891103949892635,0.21976816295261395,0.2205948582253628,0.2213923424944575,0.22215938224466217,0.22289597747597742,0.22360212818840383,0.2242778343819402,0.22519761913699302,0.22608314655259568,0.22693441662874775,0.22775142936544862,0.22853418476269888,0.22884906113667583,0.22943487912612337,0.22998834618640035,0.2305094623175072,0.23099822751944463,0.23145464179221148,0.23187870513580877,0.23227041755023553,0.23262977903549278,0.23295678959157948,0.23325144921849614,0.2335137579162433,0.23374371568481989,0.23394132252422692,0.2341065784344634,0.23423948341552983,0.2343400374674267,0.23440824059015314,0.23444409278370998,0.2344475940480963,0.23441874438331312,0.23435754378935936,0.23426399226623557,0.23413808981394219,0.23397983643247833,0.2337892321218449,0.23356627688204096,0.233310970713067,0.23302331361492346,0.23270330558760946,0.2323509466311258,0.23196623674547165,0.23154917593064792,0.23109976418665373,0.23061800151348952,0.23010388791115566,0.22955742337965132,0.22897860791897737,0.22836744152913302,0.2277239242101186,0.22704805596193456,0.22633983678458008,0.22559926667805597,0.22482634564236142,0.2240210736774968,0.2231834507834625,0.22231347696025783,0.2214111522078835,0.22047647652633873,0.21950944991562432
PD22,pathway,japan,Electric Power,Oil products,Gas/diesel oil excl. biofuels,NONBIODIES,Electricity output,CO2e,ELMAINE,Mt,0.12806533860066582,0.061167989515337695,0.06810515431647068,0.07288843940599521,0.07180868251504868,0.07631783885442989,0.0754689379378426,0.08366683193077817,0.07787965113155026,0.07100719761337959,0.05378974064162756,0.05395369636655856,0.05519400433191757,0.05209298010170449,0.044425482123805426,0.03700357226944567,0.03948476768216741,0.028560956261353132,0.03066058405155636,0.03862838363735105,0.03919940224274149,0.0405187188713933,0.05664120254216021,0.03933276138881775,0.03484232109850899,0.02788903560088138,0.05660149147105109,0.046406073594736086,0.031191585802869737,0.03979132136281599,0.03296775470249258,0.03541958651725491,0.0357677366791857,0.037274929794299416,0.0402532713386336,0.04508665703391823,0.05529023990999671,0.06821547377122178,0.08443339611456141,0.10457496255272025,0.1293096951247792,0.1610828497447793,0.19868869531279518,0.2424817511900447,0.29252416807449944,0.34848179425498904,0.39393325324999784,0.3955989077901069,0.397209351053378,0.3987645830398103,0.4002646037494058,0.40171162172404723,0.40310339877699225,0.4044399349082419,0.4057212301177973,0.4069472844056563,0.40861621396946257,0.4102229843310515,0.41176759549042236,0.4132500474475741,0.41467034020250765,0.41524167657940164,0.41630463066319967,0.41730888468503996,0.41825443864492345,0.4191412925428511,0.4199694463788211,0.42073890015283527,0.4214496538648917,0.4221017075149924,0.4226950611031353,0.42322971462932163,0.4237056680935521,0.4241229214958248,0.42448147483614174,0.424781328114501,0.4250224813309034,0.42520493448534996,0.425328687577839,0.42539374060837204,0.4254000935769475,0.4253477464835671,0.42523669932822905,0.42506695211093426,0.4248385048316835,0.4245513574904753,0.42420551008731106,0.4238009626221892,0.42333771509511076,0.42281576750607625,0.4222351198550843,0.42159577214213617,0.4208977243672306,0.420140976530369,0.4193255286315499,0.41845138067077414,0.41751853264804223,0.4165269845633529,0.4154767364167075,0.4143677882081047,0.4132001399375451,0.4119737916050295,0.41068874321055643,0.4093449947541273,0.4079425462357408,0.4064813976553973,0.4049615490130978,0.40338300030884094,0.401745751542628,0.4000498027144576,0.39829515382433117
PD22,pathway,japan,Electric Power,Oil products,Liquified petroleum gases (LPG),LPG,Electricity output,CO2e,ELAUTOE,Mt,0.11229956637329797,0.05544940044702229,0.05815514753302503,0.05926418724199867,0.058745362883279584,0.052616858362820484,0.04991316851034677,0.053483801870620906,0.032553850894142616,0.03281586997712044,0.031945924063903786,0.028770946386004637,0.030510341941858754,0.03258393404473009,0.02757012905749673,0.023660267708094762,0.026752830810096495,0.021324532515657357,0.023669744577064195,0.0280432870681189,0.026825487363942746,0.02757029004187933,0.021222003939146472,0.019221269273368563,0.016158449216040927,0.01655856841587558,0.01457903218349793,0.013480299101955917,0.013613367551776445,0.011400314514726353,0.009633508250179335,0.010349958073005136,0.010451691038671981,0.010892107968489842,0.011762409209751704,0.013174772938856508,0.016156362091807167,0.01993324493266968,0.024672284339666936,0.030557851864799868,0.037785588556279615,0.047070022692852834,0.05805882756609045,0.07085559728550815,0.08547849290778298,0.10182987195482018,0.11511124368190359,0.11559796462783674,0.11606855228547894,0.1165230066548299,0.11696132773589023,0.1173841608867269,0.11779085208674793,0.11818140133595365,0.11855580863434431,0.11891407398191937,0.11940175192259149,0.11987126632156087,0.12032261717882727,0.12075580449439036,0.12117082826825043,0.12133777848218236,0.12164838431592015,0.12194183740339845,0.12221813774461758,0.12247728533957782,0.12271928018827863,0.12294412229072053,0.12315181164690299,0.12334234825682655,0.12351573212049066,0.12367196323789564,0.12381104160904169,0.12393296723392831,0.12403774011255599,0.12412536024492425,0.12419582763103332,0.12424914227088352,0.12428530416447424,0.1243043133118061,0.12430616971287851,0.12429087336769201,0.1242584242762461,0.12420882243854099,0.12414206785457696,0.12405816052435353,0.1239571004478712,0.12383888762512939,0.12370352205612847,0.12355100374086858,0.12338133267934934,0.1231945088715711,0.12299053231753346,0.12276940301723689,0.12253112097068092,0.12227568617786579,0.1220030986387917,0.12171335835345824,0.1214064653218658,0.12108241954401401,0.12074122101990302,0.12038286974953306,0.12000736573290374,0.11961470897001544,0.11920489946086778,0.11877793720546091,0.11833382220379508,0.11787255445586992,0.11739413396168576,0.11689856072124223,0.11638583473453974
PD22,pathway,japan,Electric Power,Oil products,Liquified petroleum gases (LPG),LPG,Electricity output,CO2e,ELMAINE,Mt,0.31610419549143665,0.14212925889069294,0.1343778153611246,0.08494982947006802,0.05601145619356673,0.07629260289473605,0.07334394484457718,0.05545296389442067,0.04686151115486986,0.03918632514638071,0.040222266185891475,0.038036883733640225,0.04315453987609397,0.04166003153347636,0.034447072082463004,0.0332659985152397,0.04030503730602003,0.03786464376845455,0.060729066952074584,0.032746175348923934,0.04119265707030062,0.10670908569686788,0.16168235104377904,0.07179328512434902,0.03664908943218209,0.017017194802818075,0.035767056854724144,0.015727643255271373,0.01561377803422448,0.013824301831734553,0.0038963874802457055,0.004186164168798467,0.004227311281922615,0.004405443169794167,0.004757446902227978,0.005328694282592708,0.006534633629411361,0.00806223900777573,0.009979000101894411,0.012359488188219733,0.015282832625555923,0.019038032911000882,0.023482586298926696,0.02865839266431785,0.03457279746347402,0.041186308029828846,0.04655811746560044,0.04675497756587305,0.0469453123649906,0.047129121862953,0.04730640605976048,0.04747742597819177,0.047641917091806436,0.04779987940060461,0.04795131290458638,0.048096217603751545,0.048293464771977254,0.048483365478804934,0.0486659197242345,0.048841127508265816,0.049008988830899,0.049076513839078295,0.04920214207859786,0.049320832685009974,0.04943258565831478,0.049537400998512365,0.04963527870560254,0.049726218779585496,0.04981022122046103,0.04988728602822935,0.04995741320289025,0.05002060274444383,0.0500768546528902,0.05012616892822914,0.05016854557046086,0.05020398457958517,0.050232485955602146,0.050254049698511924,0.05026867580831426,0.05027636428500941,0.05027711512859713,0.05027092833907764,0.050257803916450725,0.05023774186071649,0.05021074217187503,0.05017680484992616,0.050135929894870084,0.050088117306706564,0.05003336708543576,0.049971679231057706,0.04990305374357226,0.04982749062297957,0.04974498986927948,0.04965555148247215,0.04955917546255742,0.04945586180953537,0.049345610523406094,0.04922842160416942,0.0491042950518255,0.048973230866374194,0.04883522904781556,0.04869028959614969,0.048538412511376416,0.048379597793495904,0.04821384544250801,0.048041155458412775,0.047861527841210304,0.04767496259090045,0.047481459707483346,0.04728101919095885,0.04707364104132712
PD22,pathway,japan,Electric Power,Oil products,Other kerosene,OTHKERO,Electricity output,CO2e,ELAUTOE,Mt,0.0569253542645497,0.02589596681453002,0.02498105789333266,0.026925462170544007,0.028767625176991107,0.028123279695209835,0.029404518935158774,0.03273279882930913,0.031228981577243686,0.033065263778524645,0.026681537603496452,0.025723348814907065,0.026624385446390175,0.02692107027698648,0.020141234821440368,0.015604499384475945,0.019169846473751306,0.012898336878821803,0.011277235735431684,0.009708450467169408,0.008277714612101021,0.010869375473826146,0.008308709073800907,0.007223058250570603,0.007413931076455528,0.006179102112849562,0.004795879213520066,0.004134907559703617,0.005342958841625153,0.0033176443712298123,0.010681465827041284,0.011475852887348328,0.011588652624270099,0.012076979230043472,0.01304195405814905,0.014607958312881919,0.017913892331978917,0.02210163411303369,0.02735619830338465,0.03388201286229997,0.041896001169774155,0.052190419711573455,0.06437461478207926,0.07856344972203297,0.09477706119413741,0.11290718492270484,0.12763333811164643,0.1281730058024063,0.12869478518466185,0.12919867625841283,0.1296846790236599,0.13015350904216516,0.13060444114730999,0.13103747533909466,0.13145261161751953,0.13184984998258395,0.13239057877240923,0.13291116814417853,0.1334116180978916,0.1338919286335481,0.13435209975114834,0.1345372112347969,0.13488160556265638,0.13520698122480743,0.13551333822125022,0.13580067655198513,0.1360689962170116,0.13631829721633015,0.13654857954994024,0.13675984321784243,0.1369520882200361,0.13712531455652163,0.13727952222729925,0.13741471123236837,0.13753088157172957,0.13762803324538234,0.13770616625332688,0.1377652805955635,0.1378053762720917,0.13782645328291196,0.13782851162802376,0.13781155130742767,0.13777557232112309,0.1377205746691103,0.13764655835138967,0.1375535233679605,0.13744146971882346,0.13731039740397796,0.13716030642342425,0.13699119677716262,0.13680306846519258,0.13659592148751454,0.13636975584412808,0.13612457153503368,0.13586036856023084,0.1355771469197198,0.13527490661350086,0.13495364764157347,0.1346133700039381,0.13425407370059433,0.13387575873154237,0.13347842509678245,0.1330620727963141,0.13262670183013783,0.1321723121982531,0.13169890390066016,0.1312064769373593,0.13069503130835003,0.13016456701363274,0.1296150840532071,0.12904658242707345
PD22,pathway,japan,Electric Power,Oil products,Other kerosene,OTHKERO,Electricity output,CO2e,ELMAINE,Mt,0.0005062255996974216,0.0002424611860198738,0.0014397716336933992,0.00216798689331792,0.0020212274401646534,0.002073154193210393,0.002052053820709724,0.0020186804041154166,0.00203827355075103,0.0012200347782111605,0.0004281938877618583,0.00661554996521721,0.012474761471423942,0.01482031001499512,0.01801657438092119,0.017453443536323776,0.002103410238428173,0.0006672759656990799,0.00029639719370750826,0.00027745304617750495,0.00010892311614788008,0.0001679806556648734,0.00016903969219749437,9.060916619039073e-05,0.00121885996047757,0.001012586191837174,0.004149301235072261,0.003640874250678959,0.0030733141344344746,0.0030285079990394516,0.012342737282419552,0.013260674103515835,0.01339101740479079,0.013955292673810293,0.01507034850793583,0.016879910923085426,0.020700011621945305,0.025539066246762415,0.03161086447982166,0.039151628636981475,0.04841201984781347,0.06030751299399083,0.07438669661804785,0.09078229857411141,0.10951758734812794,0.1304674604931561,0.14748394895409586,0.14810755030570025,0.14871048120852254,0.14929274166256246,0.14985433166782072,0.1503960780762465,0.15091714293720598,0.15141752625069954,0.1518972280167276,0.15235624823528932,0.1529810757170154,0.15358263152890608,0.15416091567096102,0.15471592814317978,0.15524766894556274,0.15546157052495538,0.15585952795693672,0.15623550878026682,0.15658951299494603,0.15692154060097477,0.15723159159835232,0.15751966598707934,0.15778576376715517,0.1580298849385805,0.1582520295013546,0.15845219745547792,0.1586303888009507,0.15878660353777227,0.1589208416659433,0.15903310318546318,0.15912338809633217,0.15919169639855066,0.15923802809211798,0.15926238317703476,0.15926476165330036,0.15924516352091547,0.1592035887798794,0.15914003743019242,0.15905450947185495,0.15894700490486632,0.15881752372922714,0.1586660659449368,0.1584926315519956,0.15829722055040388,0.158079832940161,0.15784046872126753,0.1575791278937229,0.15729581045752772,0.1569905164126814,0.15666324575918425,0.15631399849703653,0.15594277462623765,0.1555495741467882,0.15513439705868762,0.15469724336193622,0.1542381130565342,0.15375700614248108,0.15325392261977738,0.15272886248842255,0.15218182574841685,0.15161281239976054,0.15102182244245316,0.15040885587649516,0.1497739127018861,0.1491169929186264
PD22,pathway,japan,Electric Power,Oil products,Other oil products,ONONSPEC,Electricity output,CO2e,ELAUTOE,Mt,0.17346074399396155,0.07971959604200818,0.07849975574450285,0.07142256558575044,0.07391886564275552,0.07697308272796832,0.08044480195187509,0.08417437402738037,0.07098713490827413,0.0797346581083408,0.06744870106806933,0.0644069715421014,0.06488227484522635,0.08958349913191066,0.10569545925917478,0.09715227680961425,0.10700139405858389,0.0945429563931317,0.1186658343708098,0.13259342590730716,0.12100816148368532,0.03895665256512909,0.034480800478638496,0.03408707986096188,0.033121842965632475,0.030808013700321324,0.025907237833740937,0.0253977473961515,0.02552574320388773,0.02194475478446614,0.021055008743124576,0.022620882451005242,0.01995959595317698,0.01727321288790737,0.014605603911061943,0.012026878789561712,0.011794533019217068,0.011961389522629151,0.012744853404295098,0.014434464218037263,0.017405966181782334,0.023472048314962246,0.032040201938181856,0.043799555868922535,0.05948202981685044,0.07979146867947962,0.10502332748084683,0.13701438398575227,0.1736674632814247,0.21435639757257818,0.2556308370879093,0.25655498179786823,0.2574438466381548,0.2582974316087696,0.25911573670971344,0.25989876194098477,0.26096463151186405,0.26199080282127657,0.2629772758692219,0.26392405065569935,0.2648311271807094,0.26519601379550395,0.26587487432846635,0.2665162457958586,0.2671201281976813,0.2676865215339351,0.26821542580461877,0.2687068410097336,0.2691607671492783,0.269577204223254,0.2699561522316596,0.27029761117449574,0.27060158105176296,0.2708680618634601,0.27109705360958825,0.27128855629014625,0.2714425699051348,0.2715590944545544,0.2716381299384039,0.2716796763566845,0.27168373370939497,0.2716503019965365,0.271579381218108,0.27147097137410997,0.2713250724645429,0.2711416844894059,0.2709208074486998,0.27066244134242373,0.2703665861705782,0.2700332419331635,0.26966240863017893,0.2692540862616252,0.2688082748275016,0.26832497432780883,0.26780418476254614,0.26724590613171395,0.26665013843531266,0.2660168816733415,0.26534613584580113,0.2646379009526909,0.26389217699401113,0.2631089639697623,0.2622882618799435,0.2614300707245556,0.26053439050359783,0.25960122121707047,0.258630562864974,0.25762241544730763,0.2565767789640721,0.25549365341526675,0.25437303880089224
PD22,pathway,japan,Electric Power,Oil products,Other oil products,ONONSPEC,Electricity output,CO2e,ELMAINE,Mt,14.398519699419268,0.0,0.0,0.0,0.0,0.0,0.0,0.0,0.0,0.0,0.0,0.0,0.0,0.0,0.0,0.0,0.0,0.0,0.0,0.0,0.0,0.0,0.0,0.0,0.0,0.0,0.0,0.0,0.0,0.0,0.0,5.9774038772139064e-06,5.274178250850763e-06,4.564321038834215e-06,3.859424743315157e-06,3.17801536094864e-06,3.1166196788164275e-06,3.1607102978536598e-06,3.367734937766369e-06,3.8142023225343986e-06,4.599400132465513e-06,6.202318274182657e-06,8.466390632939017e-06,1.1573714493154561e-05,1.57176943216906e-05,2.1084316020223143e-05,2.7751651432768208e-05,3.620505574193978e-05,4.5890365710209636e-05,5.664212104594523e-05,6.754859188425715e-05,6.779279041118817e-05,6.802766648881934e-05,6.825322011715084e-05,6.846945129618285e-05,6.867636002591498e-05,6.895800831790259e-05,6.92291666326524e-05,6.948983497016428e-05,6.974001333043806e-05,6.997970171347388e-05,7.007612035101999e-05,7.025550431584126e-05,7.042498206739354e-05,7.058455360567701e-05,7.073421893069182e-05,7.087397804243766e-05,7.100383094091486e-05,7.11237776261231e-05,7.123381809806267e-05,7.133395235673327e-05,7.142418040213507e-05,7.150450223426821e-05,7.157491785313238e-05,7.163542725872791e-05,7.168603045105446e-05,7.17267274301122e-05,7.175751819590128e-05,7.177840274842141e-05,7.178938108767287e-05,7.179045321365538e-05,7.178161912636921e-05,7.176287882581412e-05,7.173423231199019e-05,7.169567958489759e-05,7.164722064453606e-05,7.158885549090585e-05,7.152058412400668e-05,7.144240654383873e-05,7.135432275040207e-05,7.12563327436965e-05,7.114843652372222e-05,7.1030634090479e-05,7.09029254439671e-05,7.076531058418626e-05,7.061778951113662e-05,7.046036222481828e-05,7.029302872523104e-05,7.011578901237508e-05,6.992864308625021e-05,6.973159094685651e-05,6.952463259419413e-05,6.930776802826282e-05,6.908099724906281e-05,6.884432025659389e-05,6.859773705085615e-05,6.834124763184969e-05,6.807485199957434e-05,6.779855015403026e-05,6.751234209521728e-05,6.721622782313559e-05
PD22,pathway,japan,Electric Power,Oil products,Petroleum coke,PETCOKE,Electricity output,CO2e,ELAUTOE,Mt,0.2530432866245428,0.10884665744301047,0.12510439356715475,0.1302304098366759,0.12890317133268014,0.13090478586320176,0.12468626877027433,0.14435868004233843,0.11312467971922469,0.1265882330242939,0.10832963648780525,0.11372345271962114,0.10915097565629361,0.10300164064375816,0.10788520376937782,0.08617760842596778,0.08387551156928186,0.07351161389111893,0.09249465213687968,0.12286555001996313,0.13521910643019042,0.12320297623931076,0.10820242817522252,0.13832301677156855,0.1323448468940982,0.14050230556229337,0.0517294718333724,0.05028400597337507,0.05778664725393701,0.042972285291431656,0.04130235847340569,0.044374039800922915,0.039153552349469045,0.03388383445420162,0.028650944571668557,0.023592412862088408,0.023136633982410337,0.023463946461907526,0.025000820964612203,0.028315230013837178,0.034144248695726964,0.04604372125593331,0.06285135865560854,0.08591898391231628,0.11668236039197116,0.15652217877114616,0.2060180155992707,0.26877296858118505,0.34067313441314534,0.42049019697042633,0.5014558103049624,0.503268650021996,0.5050122833168484,0.506686710189521,0.5082919306400152,0.5098279446683281,0.5119187976164052,0.5139317768458876,0.5158668823567745,0.5177241141490643,0.5195034722227584,0.5202192485945594,0.5215509289290553,0.5228090691931623,0.5239936693868813,0.5251047295102139,0.5261422495631575,0.5271062295457143,0.5279966694578822,0.5288135692996635,0.5295569290710558,0.5302267487720604,0.5308230284026784,0.5313457679629072,0.5317949674527496,0.5321706268722028,0.5324727462212683,0.5327013254999471,0.5328563647082369,0.5329378638461403,0.5329458229136547,0.5328802419107824,0.5327411208375212,0.5325284596938721,0.5322422584798362,0.5318825171954117,0.5314492358406003,0.5309424144154,0.5303620529198121,0.5297081513538373,0.5289807097174738,0.5281797280107232,0.527305206233584,0.526357144386058,0.5253355424681431,0.5242404004798404,0.5230717184211509,0.5218294962920728,0.5205137340926077,0.5191244318227539,0.5176615894825123,0.5161252070718838,0.5145152845908666,0.5128318220394625,0.5110748194176699,0.5092442767254892,0.5073401939629217,0.5053625711299655,0.5033114082266223,0.5011867052528907,0.49898846220877185
PD22,pathway,japan,Electric Power,Oil products,Petroleum coke,PETCOKE,Electricity output,CO2e,ELMAINE,Mt,0.18135423478088963,0.07847331551266135,0.07716421137153107,0.07491399750140981,0.07362658305737602,0.07366119945981331,0.07232894894551267,0.07740234283306646,0.07007158911859612,0.06757100205294142,0.05405981537416382,0.05415228477882861,0.054066766829849566,0.05336311009751382,0.04939869904934313,0.0452280618613915,0.0471077520883284,0.043395731993706166,0.049317598039845256,0.05806416718605778,0.06669592478536795,0.05915128945945042,0.05581056350594493,0.059063801474006916,0.05852636720333204,0.057109168883046235,0.05481064134796665,0.047993018569289614,0.027513634979241114,0.04535745240768857,0.028089363435956305,0.03017838634789549,0.0266279796700018,0.023044091808962663,0.0194852503489657,0.016044988318065168,0.015735017191211453,0.015957619471893447,0.017002834032454728,0.01925693389019162,0.02322119719820609,0.03131392172518549,0.04274464512378373,0.05843273009978622,0.07935462643678537,0.10644932947646066,0.1401110040301591,0.18279008452020823,0.23168874221937769,0.28597161035160645,0.341035597562731,0.3422684935896172,0.34345432294969314,0.3445930856429597,0.3456847816694176,0.34672941102906524,0.3481513813600693,0.34952039047373457,0.35083643837006045,0.35209952504904596,0.3533096505106919,0.35379644359925927,0.35470210744700925,0.35555775735268386,0.356363393316284,0.3571190153378105,0.3578246234172616,0.3584802175546391,0.35908579774994126,0.35964136400316976,0.360146916314323,0.36060245468340174,0.3610079791104068,0.3613634895953365,0.36166898613819254,0.3619244687389732,0.36212993739767946,0.36228539211431204,0.36239083288886925,0.3624462597213528,0.3624516726117612,0.3624070715600958,0.3623124565663552,0.36216782763054,0.36197318475265106,0.361728527932687,0.3614338571706491,0.361089172466536,0.36069447382034847,0.36024976123208713,0.35975503470175063,0.35921029422934025,0.3586155398148547,0.35797077145829537,0.35727598915966086,0.35653119291895186,0.35573638273616903,0.3548915586113111,0.3539967205443793,0.35305186853537235,0.3520570025842909,0.35101212269113563,0.3499172288559052,0.34877232107860096,0.3475773993592216,0.3463324636977677,0.3450375140942399,0.343692550548637,0.34229757306096026,0.34085258163120846,0.3393575762593827
PD22,pathway,japan,Electric Power,Oil products,Refinery gas,REFINGAS,Electricity output,CO2e,ELAUTOE,Mt,0.16539110248470257,0.07947325881592415,0.08240213198334201,0.08752711296907889,0.08640089092004644,0.09710895411188891,0.1007546199424122,0.11017163704904831,0.12117506053755156,0.12567112137666592,0.1081916712532931,0.11657134837761429,0.12033251979447845,0.13174869008379475,0.13383925663373186,0.133539200346114,0.1360573776622005,0.1254156398677595,0.1580610182950326,0.20274000713094043,0.2317289811887766,0.20636036778914568,0.19469492815629463,0.21963189826283025,0.20785139522335538,0.21363017648418348,0.14335751835885957,0.1370122844501953,0.11856689921713293,0.09040865266966402,0.0737974396663752,0.07928579979447159,0.06995803687808,0.06054231092903495,0.051192387833585484,0.0421540011061412,0.041339633219718674,0.0419244623638777,0.044670489650943335,0.0505925461842851,0.06100760891654844,0.08226912135267106,0.11230035087036305,0.15351668199645496,0.20848348059109534,0.27966771078583375,0.3681049373043189,0.480233034285294,0.6087014401126021,0.7513154475478181,0.8959816406165214,0.8992207517614391,0.9023362075763901,0.9053280080613764,0.9081961532164007,0.9109406430414577,0.914676497360439,0.9182732099630146,0.921730780849183,0.9250492100189419,0.928228497472293,0.9295074187146869,0.9318868130827626,0.93413480892765,0.9362514062493514,0.9382366050478688,0.9400904053231983,0.9418128070753438,0.9434038103043012,0.9448634150100748,0.94619162119266,0.9473884288520596,0.9484538379882751,0.9493878486013024,0.950190460691146,0.950861674257801,0.9514014893012704,0.9518099058215557,0.952086923818653,0.9522325432925665,0.9522467642432917,0.9521295866708331,0.9518810105751865,0.9515010359563537,0.9509896628143371,0.9503468911491323,0.9495727209607437,0.948667152249167,0.9476301850144044,0.9464618192564579,0.945162054975323,0.9437308921710043,0.9421683308434976,0.9404743709928064,0.9386490126189279,0.9366922557218631,0.9346041003016141,0.9323845463581775,0.9300335938915564,0.9275512429017477,0.924937493388753,0.9221923453525739,0.9193157987932072,0.916307853710656,0.9131685101049174,0.9098977679759924,0.9064956273238831,0.9029620881485864,0.8992971504501049,0.8955008142284362,0.891573079483583
PD22,pathway,japan,Electric Power,Oil products,Refinery gas,REFINGAS,Electricity output,CO2e,ELMAINE,Mt,0.290379368526659,0.12564929532685543,0.12355319410100696,0.11995021409094453,0.1178888418062426,0.11794426862929175,0.11581110607298672,0.12393448358956227,0.11219668415518891,0.10819281353177579,0.08655907632917115,0.08670713577408584,0.08657020680712679,0.08544353117232784,0.07909582620619515,0.07241791766739292,0.0754276255012526,0.06948404192661495,0.07896596952017199,0.09297073333790451,0.1067916640925195,0.09471140335666861,0.08936232565814362,0.09457132002198698,0.09371079518047065,0.0914416165543479,0.08776127804455813,0.12229237722267916,0.10381139255565752,0.040834859710482674,0.07200055549611684,0.07735528026396987,0.06825463782227459,0.05906817414825982,0.049945911102797336,0.041127598867214066,0.040333059917546876,0.0409036491336513,0.043582813762804484,0.04936067491906804,0.05952214265615996,0.0802659613172011,0.10956596436988741,0.14977872446029816,0.20340714369203627,0.2728581184108777,0.3591419985109635,0.4685399031788024,0.5938802486580417,0.7330217663486821,0.8741655012742318,0.8773257437271146,0.8803653417174266,0.8832842952451696,0.8860826043103462,0.8887602689129516,0.8924051594055654,0.8959142961251599,0.8992876790717332,0.9025253082452833,0.9056271836458116,0.9068749646027723,0.9091964234097482,0.9113896830989269,0.9134547436703105,0.915391605123901,0.9172002674596947,0.9188807306776953,0.9204329947778989,0.9218570597603094,0.9231529256249227,0.9243205923717415,0.9253600600007669,0.926271328511995,0.9270543979054305,0.9277092681810685,0.9282359393389118,0.9286344113789617,0.9289046843012148,0.929046758105675,0.929060632792338,0.9289463083612081,0.9287037848122811,0.928333062145559,0.9278341403610438,0.9272070194587315,0.9264516994386264,0.9255681803007241,0.9245564620450271,0.9234165446715368,0.9221484281802494,0.920752112571169,0.9192275978442914,0.9175748839996206,0.9157939710371534,0.9138848589568909,0.911847547758835,0.9096820374429827,0.9073883280093367,0.9049664194578941,0.9024163117886564,0.8997380050016253,0.8969314990967977,0.8939967940741765,0.8909338899337589,0.8877427866755458,0.8844234842995394,0.8809759828057365,0.8774002821941399,0.8736963824647469,0.8698642836175603
PD22,pathway,japan,Forests & Wetlands,Emissions,Avoided Coastal Impacts,EM,Emissions,CO2e,AFOLU,Mt,,,,,,,,,,,,,,,,,,,,,,,,,,,,,,,,,,,,,,,,,,,,,,,,,,,,,,,,,,,,,,,,,,,,,,,,,,,,,,,,,,,,,,,,,,,,,,,,,,,,,,,,,,,,,,,
PD22,pathway,japan,Forests & Wetlands,Emissions,Avoided Forest Conversion,EM,Emissions,CO2e,AFOLU,Mt,,,,,,,,,,,,,,,,,,,,,,,,,,,,,,,,,,,,,,,,,,,,,,,,,,,,,,,,,,,,,,,,,,,,,,,,,,,,,,,,,,,,,,,,,,,,,,,,,,,,,,,,,,,,,,,
PD22,pathway,japan,Forests & Wetlands,Emissions,Coastal Restoration,EM,Emissions,CO2e,AFOLU,Mt,,,,,,,,,,,,,,,,,,,,,,,,,,,,,,,,,,,,,,,,,,,,,,,,,,,,,,,,,,,,,,,,,,,,,,,,,,,,,,,,,,,,,,,,,,,,,,,,,,,,,,,,,,,,,,,
PD22,pathway,japan,Forests & Wetlands,Emissions,Drained organic soils (CO2),EM,Emissions,CO2e,AFOLU,Mt,0.0,0.0,0.0,0.0,0.0,0.0,0.0,0.0,0.0,0.0,0.0,0.0,0.0,0.0,0.0,0.0,0.0,0.0,0.0,0.0,0.0,0.0,0.0,0.0,0.0,0.0,0.0,0.0,0.0,0.0,0.0,0.0,0.0,0.0,0.0,0.0,0.0,0.0,0.0,0.0,0.0,0.0,0.0,0.0,0.0,0.0,0.0,0.0,0.0,0.0,0.0,0.0,0.0,0.0,0.0,0.0,0.0,0.0,0.0,0.0,0.0,0.0,0.0,0.0,0.0,0.0,0.0,0.0,0.0,0.0,0.0,0.0,0.0,0.0,0.0,0.0,0.0,0.0,0.0,0.0,0.0,0.0,0.0,0.0,0.0,0.0,0.0,0.0,0.0,0.0,0.0,0.0,0.0,0.0,0.0,0.0,0.0,0.0,0.0,0.0,0.0,0.0,0.0,0.0,0.0,0.0,0.0,0.0,0.0,0.0,0.0
PD22,pathway,japan,Forests & Wetlands,Emissions,Drained organic soils (N2O),EM,Emissions,CO2e,AFOLU,Mt,0.0,0.0,0.0,0.0,0.0,0.0,0.0,0.0,0.0,0.0,0.0,0.0,0.0,0.0,0.0,0.0,0.0,0.0,0.0,0.0,0.0,0.0,0.0,0.0,0.0,0.0,0.0,0.0,0.0,0.0,0.0,0.0,0.0,0.0,0.0,0.0,0.0,0.0,0.0,0.0,0.0,0.0,0.0,0.0,0.0,0.0,0.0,0.0,0.0,0.0,0.0,0.0,0.0,0.0,0.0,0.0,0.0,0.0,0.0,0.0,0.0,0.0,0.0,0.0,0.0,0.0,0.0,0.0,0.0,0.0,0.0,0.0,0.0,0.0,0.0,0.0,0.0,0.0,0.0,0.0,0.0,0.0,0.0,0.0,0.0,0.0,0.0,0.0,0.0,0.0,0.0,0.0,0.0,0.0,0.0,0.0,0.0,0.0,0.0,0.0,0.0,0.0,0.0,0.0,0.0,0.0,0.0,0.0,0.0,0.0,0.0
PD22,pathway,japan,Forests & Wetlands,Emissions,Forest fires,EM,Emissions,CO2e,AFOLU,Mt,0.0,0.0,0.0,0.0,0.0,0.0,0.0,0.0,0.0,0.0,0.0,0.0,0.0,0.0,0.0,0.0,0.0,0.0,0.0,0.0,0.0,0.0,0.0,0.0,0.0,0.0,0.0,0.0,0.0,0.0,0.0,0.0,0.0,0.0,0.0,0.0,0.0,0.0,0.0,0.0,0.0,0.0,0.0,0.0,0.0,0.0,0.0,0.0,0.0,0.0,0.0,0.0,0.0,0.0,0.0,0.0,0.0,0.0,0.0,0.0,0.0,0.0,0.0,0.0,0.0,0.0,0.0,0.0,0.0,0.0,0.0,0.0,0.0,0.0,0.0,0.0,0.0,0.0,0.0,0.0,0.0,0.0,0.0,0.0,0.0,0.0,0.0,0.0,0.0,0.0,0.0,0.0,0.0,0.0,0.0,0.0,0.0,0.0,0.0,0.0,0.0,0.0,0.0,0.0,0.0,0.0,0.0,0.0,0.0,0.0,0.0
PD22,pathway,japan,Forests & Wetlands,Emissions,Natural Regeneration,EM,Emissions,CO2e,AFOLU,Mt,0.0,0.0,0.0,0.0,0.0,0.0,0.0,0.0,0.0,0.0,0.0,0.0,0.0,0.0,0.0,0.0,0.0,0.0,0.0,0.0,0.0,0.0,0.0,0.0,0.0,0.0,0.0,0.0,0.0,0.0,0.0,0.4209473102431809,0.873495825961276,1.3587112266421755,1.8774168000575975,2.430138482878914,3.0170487410891136,3.637911457339444,4.292030442934054,4.978204559554004,5.694692661113191,6.43919158950864,7.208830227527639,8.00018209366634,8.809298150772804,9.631760422577795,10.46275573776832,11.29716755507442,12.129682496106062,12.954907066816139,13.767489214774203,14.56223894846661,15.334242289644243,16.07896333668057,16.792459900037912,17.472914042075733,18.1175377171588,18.724156419493486,19.291213054183213,19.817753119558905,20.30339391236906,20.748280938522598,21.1530348911416,21.518692483596663,21.846644153991793,22.13857125216773,22.396384841896527,22.6221677528296,22.81812104077909,22.986515590211216,23.129649236439995,23.249809503523746,23.34924184569677,23.430123137966948,23.49454007441332,23.54447208828761,23.581778393824514,23.608188754414112,23.625297596165428,23.634561102986947,23.637296944723335,23.6346863016193,23.62777785635874,23.617493430570068,23.604634948125394,23.589892415192484,23.573852618793417,23.55700826293509,23.5397672845991,23.52246212061171,23.505358729469208,23.488665207942393,23.472539878874,23.45709876219776,23.44242237429656,23.428561830184062,23.41554424788254,23.40337747443559,23.39205416826292,23.381555283342873,23.37185300749597,23.36291321046863,23.354697458209056,23.347164648345718,23.33021738944153,23.314958646293224,23.301236612720775,23.288911448815696,23.277854651818156,23.267948396923774,23.259084864603
PD22,pathway,japan,Forests & Wetlands,Emissions,Net Forest conversion,EM,Emissions,CO2e,AFOLU,Mt,0.0,0.0,0.0,0.0,0.0,0.0,0.0,0.0,0.0,0.0,0.0,0.0,0.0,0.0,0.0,0.0,0.0,0.0,0.0,0.0,0.0,0.0,0.0,0.0,0.0,0.0,0.0,0.0,0.0,0.0,0.0,0.0,0.0,0.0,0.0,0.0,0.0,0.0,0.0,0.0,0.0,0.0,0.0,0.0,0.0,0.0,0.0,0.0,0.0,0.0,0.0,0.0,0.0,0.0,0.0,0.0,0.0,0.0,0.0,0.0,0.0,0.0,0.0,0.0,0.0,0.0,0.0,0.0,0.0,0.0,0.0,0.0,0.0,0.0,0.0,0.0,0.0,0.0,0.0,0.0,0.0,0.0,0.0,0.0,0.0,0.0,0.0,0.0,0.0,0.0,0.0,0.0,0.0,0.0,0.0,0.0,0.0,0.0,0.0,0.0,0.0,0.0,0.0,0.0,0.0,0.0,0.0,0.0,0.0,0.0,0.0
PD22,pathway,japan,Forests & Wetlands,Emissions,Savanna fires,EM,Emissions,CO2e,AFOLU,Mt,0.0,0.0,0.0,0.0,0.0,0.0,0.0,0.0,0.0,0.0,0.0,0.0,0.0,0.0,0.0,0.0,0.0,0.0,0.0,0.0,0.0,0.0,0.0,0.0,0.0,0.0,0.0,0.0,0.0,0.0,0.0,0.0,0.0,0.0,0.0,0.0,0.0,0.0,0.0,0.0,0.0,0.0,0.0,0.0,0.0,0.0,0.0,0.0,0.0,0.0,0.0,0.0,0.0,0.0,0.0,0.0,0.0,0.0,0.0,0.0,0.0,0.0,0.0,0.0,0.0,0.0,0.0,0.0,0.0,0.0,0.0,0.0,0.0,0.0,0.0,0.0,0.0,0.0,0.0,0.0,0.0,0.0,0.0,0.0,0.0,0.0,0.0,0.0,0.0,0.0,0.0,0.0,0.0,0.0,0.0,0.0,0.0,0.0,0.0,0.0,0.0,0.0,0.0,0.0,0.0,0.0,0.0,0.0,0.0,0.0,0.0
PD22,pathway,japan,Industrial,Biofuels and Waste,Biogases,BIOGASES,Energy industry own use and Losses,CO2e,EPOWERPLT,Mt,0.0,0.0,0.0,0.0,0.0,0.0,0.0,0.0,0.0,0.0,0.0,0.0,0.0,0.0,0.0,0.0,0.0,0.0,0.0,0.0,0.0,0.0,0.0,0.0,0.0,0.0,0.0,0.0,0.0,0.0,0.0,0.0,2.9237486715827355e-06,6.2287396633400665e-06,9.951741584885094e-06,1.4131206169765034e-05,1.853721796720196e-05,2.3340803894309305e-05,2.856446180827404e-05,3.422865032195717e-05,4.035099182509962e-05,4.714176535815587e-05,5.447276999696421e-05,6.235404864732584e-05,7.07895786222201e-05,7.977651762832545e-05,8.944025664688006e-05,9.965577330347218e-05,0.00011039813407510404,0.0001216334787490235,0.0001333188687313078,0.00014572266424571896,0.00015851421164899716,0.00017162570306945775,0.0001849817030835893,0.00019850051180041655,0.00021243928284855827,0.00022640381381109834,0.00024030355517114352,0.0002540493499437273,0.00026755566203293156,0.0002800349938171547,0.0002925808387195764,0.0003046583094674687,0.0003162151401397978,0.00032720938551973627,0.00033760948492940257,0.00034739395767636896,0.00035655079325367777,0.0003650766086891273,0.00037297564729406356,0.00038025868891034453,0.00038694193332615456,0.00039304590758217604,0.00039859443597687727,0.00040361369993232243,0.00040813140435701624,0.0004121760582422048,0.0004157763701592649,0.00041896075407201757,0.00042175693727582354,0.00042419166007935183,0.0004262904557783049,0.00042807749926042246,0.0004295755129820012,0.00043080571985962865,0.00043178783366020943,0.0004325400786203045,0.0004330792311907863,0.0004334206779217527,0.0004335784845368558,0.0004335654721738026,0.0004333932975801842,0.00043307253475137746,0.00043261275608552787,0.0004320226116193255,0.0004313099053080854,0.0004304816676361736,0.0004295442241001427,0.0004285032593077746,0.00042736387659056575,0.00042613065314380953,0.00042480769079420783,0.00042339866255603186,0.0004219068551786176,0.00042033520791423914,0.000418686347750099,0.0004169626213538419,0.0004151661239809639,0.00041329872558678243,0.0004113620943762957
PD22,pathway,japan,Industrial,Biofuels and Waste,Industrial waste,INDWASTE,Final consumption,CO2e,CHEMICAL,Mt,0.0,0.0,0.0,0.0,0.0,0.0,0.0,0.0,0.0,0.0,0.0,0.0,0.0,0.0,0.0,0.0,0.0,0.0,0.0,0.0,0.0,0.0,0.0,0.0,0.0,0.0,0.0,0.0,0.0,0.0,0.0,0.0,0.010580061388293038,0.023120691875424426,0.0378738477377526,0.055093688861390655,0.07405324257525248,0.09539213345851272,0.119194258433033,0.14547768718385568,0.1741778986214989,0.20550760792646783,0.238944371303062,0.2741254716209943,0.31059007567669605,0.3477990363858383,0.3855805845807108,0.422991188941551,0.4594480898893341,0.49442444229134136,0.5274770018215895,0.5590185245110914,0.5881278899659398,0.6146660950585047,0.638589662851856,0.6599356564005441,0.6796742342816283,0.6971103692776811,0.7124101208457635,0.725756230936837,0.7373371210181062,0.7458379925310813,0.7539726610527788,0.7608716501373106,0.7666875223673347,0.7715573521911857,0.7756028029241667,0.7789307907775148,0.7816345094887691,0.7837946476031521,0.7854806790878404,0.7867521464070241,0.7876598843604186,0.7882471543433771,0.7885506737842554,0.7886015357988654,0.788426020803187,0.7880463059362349,0.7874810804347098,0.7867460761486011,0.7858545226161919,0.7848175358313523,0.7836444492477193,0.7823430948183527,0.7809200410615469,0.7793807943352121,0.7777299687310897,0.7759714292866239,0.77410841256687,0.772143628093947,0.77007934359567,0.7679174566042173,0.7656595545539964,0.7633069651997675,0.7608607988948601,0.7583219840296274,0.7556912967262924,0.7529693857133898,0.7501567931565222,0.7472539720984654,0.7442613010572378,0.7411790962427155,0.7380076217783572,0.7347470982522706,0.7313977098694813,0.7279596104332692,0.7244329283465246,0.7208177707930911,0.7171142272330385,0.7133223723240535,0.7094422683628424
PD22,pathway,japan,Industrial,Biofuels and Waste,Industrial waste,INDWASTE,Final consumption,CO2e,IRONSTL,Mt,0.0,0.0,0.0,0.0,0.0,0.0,0.0,0.0,0.0,0.0,0.0,0.0,0.0,0.0,0.0,0.0,0.0,0.0,0.0,0.0,0.0,0.0,0.0,0.0,0.0,0.0,0.0,0.0,0.0,0.0,0.0,0.0,0.00209273024922646,0.004573259974113564,0.007491425985778677,0.010897500968120977,0.014647690131743024,0.018868510862117466,0.02357655792365565,0.02877540548999377,0.03445229132557222,0.04064929037460685,0.04726306354532338,0.05422186559139408,0.06143454396184954,0.068794455663729,0.07626762485133931,0.08366742155520365,0.09087857625520371,0.09779687927755455,0.10433465714147563,0.11057355275998518,0.11633136903225708,0.12158061121707449,0.12631267960053058,0.13053490523417025,0.1344391849441315,0.137888042733956,0.14091432507175078,0.14355417821362396,0.14584487182083267,0.14752633947088575,0.14913537237324903,0.1504999885712475,0.15165036485874947,0.15261361448528138,0.1534138023868405,0.15407207653045424,0.15460687058549652,0.15503414470126659,0.15536764078977314,0.15561913631726632,0.15579868637881336,0.15591484805431746,0.15597488403065465,0.15598494450881303,0.15595022774043443,0.15587512035126264,0.15576331906190677,0.15561793562353157,0.15544158683144027,0.1552364714230284,0.1550044355502265,0.15474702836898713,0.15446554912857,0.15416108698350267,0.1538345545985614,0.15348671647599973,0.1531182128065827,0.15272957953227612,0.15232126520837874,0.15189364516569845,0.15144703339787674,0.15098169253406563,0.15049784220153517,0.1499956660353801,0.1494753175521438,0.14893692506996908,0.14838059582891017,0.1478064194405757,0.14721447077561892,0.14660481238017717,0.14597749649772337,0.14533256676046252,0.14467005960404591,0.14399000545067672,0.14329242969837516,0.1425773535480457,0.1418447946948404,0.141094767906008,0.1403272855038024
PD22,pathway,japan,Industrial,Biofuels and Waste,Industrial waste,INDWASTE,Final consumption,CO2e,MACHINE,Mt,0.0,0.0,0.0,0.0,0.0,0.0,0.0,0.0,0.0,0.0,0.0,0.0,0.0,0.0,0.0,0.0,0.0,0.0,0.0,0.0,0.0,0.0,0.0,0.0,0.0,0.0,0.0,0.0,0.0,0.0,0.0,0.0,1.703583831423616e-06,3.722855227842486e-06,6.098383768475055e-06,8.8710938541059e-06,1.192392955822407e-05,1.535988216332519e-05,1.9192460611781574e-05,2.342457445412862e-05,2.8045834612194413e-05,3.3090492129418756e-05,3.847442397753956e-05,4.41392260494481e-05,5.001069575162727e-05,5.60020205201501e-05,6.208554237023665e-05,6.810933546310415e-05,7.397956482369924e-05,7.96113987278169e-05,8.493346671366084e-05,9.00122300686423e-05,9.469937152386617e-05,9.897250902765449e-05,0.00010282464199616613,0.00010626173826060326,0.00010944001113628992,0.00011224754850036074,0.00011471108896951376,0.00011686005734777958,0.0001187247929454175,0.00012009358909234143,0.00012140341984463634,0.00012251428355574692,0.00012345074559817494,0.00012423487747087626,0.00012488626919788016,0.0001254221362491254,0.00012585748452473245,0.0001262053063596205,0.0001264767883360639,0.00012668151788229715,0.0001268276803329502,0.00012692224156571919,0.00012697111375965323,0.00012697930347638014,0.0001269510423446309,0.00012688990129032594,0.00012679888962317514,0.00012668054045941442,0.00012653698399722402,0.0001263700101153893,0.00012618112167104165,0.00012597157975219482,0.0001257424420107046,0.00012549459507113416,0.00012522878188683687,0.000124945624799693,0.00012464564495600738,0.0001243292786385106,0.00012399689099295172,0.00012364878755679595,0.00012328522393608284,0.00012290641392366853,0.00012251253630679338,0.00012210374057332302,0.00012168015169316287,0.00012124187412349906,0.00012078899516293235,0.00012032158775965457,0.00011983971286200546,0.00011934342138557166,0.00011883275585907175,0.00011830775180123485,0.00011776843887244677,0.00011721484183785502,0.00011664698137267877,0.00011606487473548165,0.00011546853633097484,0.00011485797818041452,0.00011423321031471232
PD22,pathway,japan,Industrial,Biofuels and Waste,Industrial waste,INDWASTE,Final consumption,CO2e,NONFERR,Mt,0.0,0.0,0.0,0.0,0.0,0.0,0.0,0.0,0.0,0.0,0.0,0.0,0.0,0.0,0.0,0.0,0.0,0.0,0.0,0.0,0.0,0.0,0.0,0.0,0.0,0.0,0.0,0.0,0.0,0.0,0.0,0.0,0.0019558205421053854,0.004274070107729372,0.007001325105356532,0.01018456930077008,0.013689415186045661,0.0176341031801443,0.022034142391867406,0.026892873166785597,0.03219836819487901,0.037989949811281606,0.044171039530271614,0.0506745857924719,0.057415399390283006,0.06429381408321276,0.07127807677887558,0.07819376713417645,0.0849331567424517,0.09139885349081438,0.09750891963560554,0.10333965688195762,0.10872078775018143,0.11362661624831066,0.11804910526925923,0.12199510625564,0.12564396184115575,0.12886718992544052,0.1316954881089535,0.13416263790282942,0.13630347072841903,0.13787493411796728,0.1393787015550408,0.14065404241329132,0.14172915927323018,0.14262939159292012,0.14337722994236432,0.14399243875529785,0.14449224574142716,0.14489156691196117,0.14520324516139352,0.145438287455593,0.14560609106947958,0.1457146532653193,0.1457707615935805,0.14578016389942133,0.14574771835667855,0.14567752461113467,0.14557303753811754,0.14543716531313242,0.14527235353661455,0.14508065710109808,0.14486380138034807,0.14462323418209613,0.14436016975667032,0.14407562600439444,0.14377045588207843,0.14344537387703507,0.14310097829774168,0.14273777002399718,0.1423561682659065,0.1419565237995453,0.1415391300765967,0.14110423254460028,0.14065203646246432,0.1401827134515866,0.1396964069852166,0.1391932369867222,0.1386733036803445,0.13813669081515964,0.13758346836366483,0.1370136947801307,0.13642741889017995,0.13582468147152998,0.13520551657615448,0.13456995263598823,0.13391801338747286,0.1332497186445164,0.13256508494462618,0.13186412608895431,0.1311468535936134
PD22,pathway,japan,Industrial,Biofuels and Waste,Industrial waste,INDWASTE,Final consumption,CO2e,NONMET,Mt,0.0,0.0,0.0,0.0,0.0,0.0,0.0,0.0,0.0,0.0,0.0,0.0,0.0,0.0,0.0,0.0,0.0,0.0,0.0,0.0,0.0,0.0,0.0,0.0,0.0,0.0,0.0,0.0,0.0,0.0,0.0,0.0,0.04036478174152114,0.08820947695985293,0.1444953428472151,0.21019204375184586,0.28252605198581326,0.36393764701323184,0.45474691024151603,0.5550227806745278,0.6645190990888845,0.7840474110436415,0.9116145022263575,1.0458365434454402,1.184955375556191,1.3269140582832375,1.4710572622565403,1.6137852507268735,1.7528746941357585,1.8863155863014447,2.0124168727186826,2.1327532897233845,2.2438106021619753,2.345058488829099,2.4363310776181986,2.517769770554528,2.5930758920236903,2.6595977918219402,2.7179690157761303,2.7688867563405277,2.813069874315649,2.845502183603914,2.87653736453219,2.9028582126269282,2.925046780782237,2.9436260319551653,2.959060132939073,2.971756987750092,2.982072146770909,2.990313450891799,2.9967459554294447,3.001596825282348,3.005060004088456,3.007300541625573,3.0084585212946617,3.0086525687621886,3.0079829484043366,3.0065342698791353,3.0043778358882087,3.0015736661864447,2.998172233772603,2.99421594810443,2.9897404179374076,2.9847755235401157,2.979346324956875,2.9734738299046617,2.967175641949208,2.960466506883294,2.953358772767793,2.945862776902738,2.937987171065748,2.929739194673439,2.9211249040652816,2.9121493648575463,2.9028168132420795,2.8931307911901993,2.8830942597437184,2.872709693915279,2.861979162161332,2.8509043929191793,2.8394868303011607,2.8277276807031697,2.815627951802326,2.80318848518078,2.790409983612871,2.7772930338849697,2.7638381258765254,2.750045668512618,2.7359160030990366,2.7214494144678913,2.7066461402919972
PD22,pathway,japan,Industrial,Biofuels and Waste,Industrial waste,INDWASTE,Final consumption,CO2e,ONONSPEC,Mt,0.0,0.0,0.0,0.0,0.0,0.0,0.0,0.0,0.0,0.0,0.0,0.0,0.0,0.0,0.0,0.0,0.0,0.0,0.0,0.0,0.0,0.0,0.0,0.0,0.0,0.0,0.0,0.0,0.0,0.0,0.0,0.0,0.03623814377810852,0.07919150236293193,0.12972306013928447,0.1887033491539638,0.2536423895088644,0.32673098205224926,0.4082564851089314,0.49828078979849444,0.5965829026473144,0.7038914019700169,0.8184168469789035,0.938916882357145,1.0638130919428912,1.1912588239217137,1.3206657456207005,1.448802134427871,1.5736719598252793,1.6934707058495886,1.8066802006278468,1.9147141894917852,2.014417710286997,2.105314658467413,2.1872561196332305,2.2603690397680656,2.327976343447948,2.3876974682819325,2.44010119041033,2.4858134257754236,2.5254795434321573,2.554596180171835,2.582458522048481,2.606088494427044,2.626008644824274,2.642688471798331,2.6565446886886446,2.6679434980050885,2.6772041009258247,2.6846028666509643,2.6903777529313175,2.6947327007743174,2.697841826256741,2.6998533055192877,2.7008929007290243,2.701067110020506,2.700465947379272,2.699165372511292,2.6972293985845264,2.6947119093167418,2.6916582176690667,2.688106397426643,2.6840884169327968,2.67963110168793,2.674756949757189,2.669484821162489,2.66383051979322,2.6578072839263154,2.65142619923562,2.6446965462015104,2.6376260920990173,2.6302213362329536,2.6224877157812485,2.6144297784838604,2.606051327451385,2.597355542546573,2.588345082093198,2.5790221680743888,2.569388657480794,2.559446102045305,2.549195798243421,2.5386388291368114,2.52777609938411,2.5166083645294743,2.505136255500074,2.493360299092983,2.4812809351054983,2.468898530656806,2.4562133921597673,2.4432257753270736,2.4299358935333863
PD22,pathway,japan,Industrial,Biofuels and Waste,Industrial waste,INDWASTE,Final consumption,CO2e,PAPERPRO,Mt,0.0,0.0,0.0,0.0,0.0,0.0,0.0,0.0,0.0,0.0,0.0,0.0,0.0,0.0,0.0,0.0,0.0,0.0,0.0,0.0,0.0,0.0,0.0,0.0,0.0,0.0,0.0,0.0,0.0,0.0,0.0,0.0,0.01984477803421658,0.04336695047658323,0.07103910592513873,0.10333796623810376,0.13889996548091688,0.1789248327792523,0.22356993166163663,0.27286915502109355,0.3267014821326668,0.3854658979725969,0.448182466718158,0.5141708481826923,0.5825666681154297,0.6523586607189764,0.7232246425124214,0.7933948534800297,0.8617762248702484,0.9273805653736411,0.9893764917929614,1.048538201131149,1.103137969031131,1.1529150705204667,1.197787956907583,1.237826146512254,1.274849343484877,1.3075539012442654,1.336251293698265,1.3612842857251952,1.3830062951414872,1.3989511845028146,1.4142091953281244,1.427149470626953,1.4380581685299634,1.447192396430159,1.4547803554124388,1.4610225857574668,1.4660938888173116,1.4701456102421622,1.4733080607558577,1.4756929227902957,1.4773955460112045,1.4784970748237747,1.47906637926467,1.4791617799767514,1.4788325705323935,1.4781203480816527,1.4770601675963624,1.4756815369460559,1.474009270471699,1.4720642181875667,1.4698638866381795,1.4674229660379265,1.4647537768056393,1.461866647090323,1.4587702314378337,1.4554717794100929,1.451977361757804,1.4482920606693457,1.4444201296696721,1.4403651279162881,1.4361300329234352,1.4317173351302077,1.4271291172008316,1.4223671204957589,1.4174328007696106,1.4123273748275917,1.4070518595972654,1.401607104840556,1.3959938205350126,1.3902125997882344,1.384263938010523,1.378148248953924,1.3718658781275708,1.3654171140167415,1.3588021974637872,1.3520213295109798,1.3450746779565175,1.3379623828341065,1.3306845609922484
PD22,pathway,japan,Industrial,Biofuels and Waste,Primary solid biofuels,PRIMSBIO,Final consumption,CO2e,AGRICULT,Mt,0.0,0.0,0.0,0.0,0.0,0.0,0.0,0.0,0.0,0.0,0.0,0.0,0.0,0.0,0.0,0.0,0.0,0.0,0.0,0.0,0.0,0.0,0.0,0.0,0.0,0.0,0.0,0.0,0.0,0.0,0.0,0.0,5.064362441013683e-05,0.0001107569902828909,0.00018156480771806642,0.0002643046692297228,0.00035535065677855466,0.00045786220303863047,0.0005722501254186545,0.0006986094041182811,0.0008366382675197561,0.0009787773785954446,0.0011284285001573785,0.0012836823416109244,0.0014422356449562196,0.001601499750602019,0.001763833194882913,0.0019223652406475473,0.0020745380480398186,0.002218110430064143,0.0023512711661438693,0.002477306101529933,0.0025912151361494645,0.0026926055840538676,0.0027815082233893728,0.00285830040113465,0.0029282760891917187,0.0029877557585631775,0.0030376157989031125,0.0030787833007466224,0.0031121886720963457,0.003130702238622512,0.0031487395935120613,0.003161541088437882,0.0031698165976343363,0.0031741974606270124,0.003175238902825385,0.003173424745864421,0.0031691734145737832,0.003162844522631596,0.0031547455420835317,0.0031451382343429006,0.003134244648255809,0.00312225258228751,0.0031093204708052815,0.0030955816958448423,0.0030811483514788067,0.0030661145025497084,0.0030505589865737893,0.0030345478096414687,0.003018136185982611,0.003001370267826919,0.0029842886081567215,0.0029669233945071737,0.002949301487493138,0.0029314452934610796,0.002913373496703591,0.0028951016730970006,0.0028766428038443166,0.002858007705218866,0.0028392053877844305,0.0028202433564820583,0.00280112786118774,0.00278186410582322,0.002762456422809612,0.0027429084185600383,0.002723223094784729,0.002703402949604395,0.0026834500618146324,0.0026633661610953436,0.0026431526864993055,0.002622810835169183,0.0026023416029095576,0.0025817458179714773,0.0025610241691816273,0.0025401772293600585,0.002519205474813707,0.0024981093015615506,0.0024768890388380577,0.002455544960330537,0.0024340772935297406
PD22,pathway,japan,Industrial,Biofuels and Waste,Primary solid biofuels,PRIMSBIO,Final consumption,CO2e,CHEMICAL,Mt,0.0,0.0,0.0,0.0,0.0,0.0,0.0,0.0,0.0,0.0,0.0,0.0,0.0,0.0,0.0,0.0,0.0,0.0,0.0,0.0,0.0,0.0,0.0,0.0,0.0,0.0,0.0,0.0,0.0,0.0,0.0,0.0,0.0014366360129095396,0.0031419054772474503,0.00515055042925712,0.0074976783478308134,0.010080430788380487,0.012988433144285869,0.016233339302703487,0.01981784362006861,0.023733385572153654,0.02776552521841101,0.032010762266751897,0.03641493480322748,0.04091270502020321,0.0454306389635089,0.05003564255221121,0.05453280974350938,0.05884958086389393,0.06292237890861804,0.06669982397077245,0.07027512745999312,0.07350644874152094,0.0763826482734671,0.07890459915671644,0.08108300580402053,0.08306804527664538,0.08475533831797605,0.08616974596339594,0.08733756750853137,0.0882851963574655,0.0888103810516629,0.08932205678407296,0.08968520394906598,0.0899199599460007,0.09004423433623651,0.09007377750943892,0.09002231430447388,0.08990171441246224,0.08972217919570279,0.08949243088564948,0.08921989501468738,0.0889108705666008,0.08857068492546813,0.08820383248758039,0.08781409697573034,0.0874046582251574,0.08697818462584958,0.08653691260571508,0.08608271459643055,0.08561715689092966,0.08514154871532008,0.08465698372360994,0.08416437499760782,0.0836644845073956,0.08315794786633282,0.08264529510219548,0.08212696806457724,0.0816033349985227,0.08107470273530569,0.08054132688262758,0.08000342033734775,0.07946116039319329,0.07891469467272229,0.07836414607614711,0.07780961690860544,0.07725119232128991,0.07668894317978764,0.07612292845445574,0.07555319721209122,0.07497979027510888,0.07440274160352416,0.07382207944588243,0.07323782729764435,0.07265000469914164,0.07205862789988103,0.0714637104115277,0.07086526346817347,0.07026329640939658,0.06965781699903797,0.06904883169045503
PD22,pathway,japan,Industrial,Biofuels and Waste,Primary solid biofuels,PRIMSBIO,Final consumption,CO2e,CONSTRUC,Mt,0.0,0.0,0.0,0.0,0.0,0.0,0.0,0.0,0.0,0.0,0.0,0.0,0.0,0.0,0.0,0.0,0.0,0.0,0.0,0.0,0.0,0.0,0.0,0.0,0.0,0.0,0.0,0.0,0.0,0.0,0.0,0.0,9.312395706608358e-06,2.0366096084165866e-05,3.3386301939449404e-05,4.860058290928246e-05,6.534220188756301e-05,8.419211822725987e-05,0.00010522587340704073,0.000128460932472383,0.00015384180538381405,0.00017997847437501335,0.00020749645868506854,0.00023604467622332747,0.0002651996018144304,0.0002944852303788801,0.0003243352517224899,0.00035348626845033154,0.00038146794264382956,0.0004078681628003324,0.0004323538800332688,0.0004555292985551889,0.0004764749954181194,0.0004951187631727645,0.0005114662613326395,0.0005255868768033024,0.0005384540699518872,0.0005493912456405685,0.0005585595551958379,0.0005661294728682893,0.0005722720829274651,0.0005756763743746183,0.0005789930995930133,0.0005813470501203283,0.000582868758276264,0.0005836743153468609,0.0005838658166852775,0.0005835322278536889,0.0005827504891902454,0.0005815867267850765,0.0005800974788775234,0.0005783308783942847,0.00057632775587909,0.000574122643884495,0.0005717446754660186,0.0005692183770336725,0.0005665643605474557,0.0005637999227361462,0.0005609395603139175,0.0005579954105406947,0.0005549776262592713,0.0005518946939836112,0.0005487537028711614,0.000545560571595154,0.0005423202393098741,0.0005390368261146837,0.0005357137676942944,0.0005323539281550086,0.0005289596944922391,0.0005255330556121606,0.0005220756683854342,0.0005185889128274445,0.0005150739381710715,0.0005115317013181777,0.0005079629989182964,0.0005043684941219522,0.0005007487388863514,0.0004971041925682022,0.0004934352374183288,0.0004897421914918446,0.0004860253194030826,0.0004822848412837247,0.0004785209402432227,0.00047473376858113257,0.00047092345295953126,0.0004670900987090911,0.00046323379341356414,0.00045935460989328034,0.00045545260868817296,0.0004515278401241133,0.00044758034603230773
PD22,pathway,japan,Industrial,Biofuels and Waste,Primary solid biofuels,PRIMSBIO,Final consumption,CO2e,FISHING,Mt,0.0,0.0,0.0,0.0,0.0,0.0,0.0,0.0,0.0,0.0,0.0,0.0,0.0,0.0,0.0,0.0,0.0,0.0,0.0,0.0,0.0,0.0,0.0,0.0,0.0,0.0,0.0,0.0,0.0,0.0,0.0,0.0,1.0023336656609417e-08,2.1920915290099266e-08,3.593512932669267e-08,5.231092186745261e-08,7.033065475712179e-08,9.061963982329825e-08,1.1325918564608053e-07,1.3826809061377414e-07,1.6558662838267057e-07,1.9371866235490012e-07,2.2333746610217261e-07,2.540651546956702e-07,2.8544586956269876e-07,3.169672657264795e-07,3.4909614239369996e-07,3.8047264998113615e-07,4.105905433238724e-07,4.3900624888172896e-07,4.653612916480172e-07,4.90306002904024e-07,5.128507677291971e-07,5.329178661043051e-07,5.505133896099751e-07,5.657120223914992e-07,5.795615421946966e-07,5.913337002358696e-07,6.012019506989871e-07,6.093497824368452e-07,6.15961340892174e-07,6.196255278884182e-07,6.231954635428756e-07,6.257291229095558e-07,6.27367003603267e-07,6.282340597259974e-07,6.284401809482496e-07,6.280811247752472e-07,6.272397054404115e-07,6.25987097331519e-07,6.243841550154013e-07,6.224826860551995e-07,6.203266381415589e-07,6.179531801632143e-07,6.153936692953224e-07,6.126745043800578e-07,6.098178709667392e-07,6.06842386277085e-07,6.037636537552735e-07,6.005947372622218e-07,5.973465647443525e-07,5.940282706058701e-07,5.906474852153651e-07,5.872105790983432e-07,5.837228684814508e-07,5.801887880068858e-07,5.766120356515809e-07,5.729956941777592e-07,5.69342332812435e-07,5.656540923018561e-07,5.619327560080014e-07,5.581798093014699e-07,5.543964891516105e-07,5.505838255135298e-07,5.467426758557811e-07,5.428737539561255e-07,5.389776539101186e-07,5.350548701433709e-07,5.311058140890749e-07,5.271308280837871e-07,5.231301969434266e-07,5.191041576053002e-07,5.150529071580773e-07,5.109766095283961e-07,5.068754010481611e-07,5.027493950893571e-07,4.985986859221874e-07,4.944233519263409e-07,4.902234582635823e-07,4.85999059101836e-07,4.817501994658492e-07
PD22,pathway,japan,Industrial,Biofuels and Waste,Primary solid biofuels,PRIMSBIO,Final consumption,CO2e,FOODPRO,Mt,0.0,0.0,0.0,0.0,0.0,0.0,0.0,0.0,0.0,0.0,0.0,0.0,0.0,0.0,0.0,0.0,0.0,0.0,0.0,0.0,0.0,0.0,0.0,0.0,0.0,0.0,0.0,0.0,0.0,0.0,0.0,0.0,0.0027972641093484407,0.006117582566143809,0.010028601350436678,0.01459867799314818,0.019627537523580152,0.02528968892934977,0.03160782341406365,0.038587187140623425,0.04621111197112643,0.054062063370788394,0.06232793525781613,0.07090326934171629,0.07966084682619158,0.08845768496365526,0.09742405580939936,0.10618045914672133,0.11458561453390166,0.12251573162184698,0.129870768946855,0.13683221780415528,0.14312390126842112,0.14872412961418274,0.15363460285017383,0.1578761634649109,0.16174122018249099,0.16502653686956822,0.16778052027731286,0.17005437758353154,0.17189949920396078,0.17292208271339285,0.17391836301615135,0.17462544436585897,0.17508253615443936,0.17532450996575555,0.17538203327530147,0.17528182962252706,0.175047010401455,0.17469743861452183,0.17425009725865956,0.17371944453695282,0.17311774515744674,0.17245537203307476,0.17174107617197346,0.17098222483479392,0.1701850094568815,0.16935462564204704,0.16849542792370353,0.1676110621007028,0.16670457789125379,0.16577852448051475,0.16483503131469024,0.16387587624909578,0.16290254291044215,0.1619162688971343,0.16091808622261297,0.15990885520918596,0.1588892928642493,0.15785999661686803,0.15682146415904105,0.15577411002078054,0.15471827940948418,0.1536542597600206,0.1525822903705487,0.15150257043869925,0.15041526576177416,0.14932051432167134,0.14821843093916787,0.14710911115188702,0.14599263444487218,0.1448690669414361,0.14373846364412732,0.14260087030079582,0.1414563249582873,0.14030485925590463,0.1391464995021183,0.1379812675707512,0.13680918164683198,0.13563025684728203,0.13444450573738911
PD22,pathway,japan,Industrial,Biofuels and Waste,Primary solid biofuels,PRIMSBIO,Final consumption,CO2e,INONSPEC,Mt,0.0,0.0,0.0,0.0,0.0,0.0,0.0,0.0,0.0,0.0,0.0,0.0,0.0,0.0,0.0,0.0,0.0,0.0,0.0,0.0,0.0,0.0,0.0,0.0,0.0,0.0,0.0,0.0,0.0,0.0,0.0,0.0,3.0574756565749945e-06,6.686662053312099e-06,1.0961497842117227e-05,1.5956699416782595e-05,2.145336151002062e-05,2.7642226561813937e-05,3.454809659297054e-05,4.217670578329446e-05,5.0509835464871046e-05,5.909111054190009e-05,6.812590349923774e-05,7.749894593770431e-05,8.707118471196472e-05,9.668633630606653e-05,0.00010648679114944975,0.00011605774655317448,0.00012524477966175703,0.0001339125847035303,0.00014195181399877558,0.0001495608418144025,0.00015643780025625264,0.00016255898194274542,0.00016792624502352853,0.00017256237083020695,0.0001767869689958894,0.00018037789763266295,0.00018338806646143034,0.0001858734461354677,0.0001878902075914307,0.0001890079154891064,0.00019009687336141788,0.00019086972995608985,0.0001913693420634108,0.0001916338251471337,0.00019169669948139285,0.00019158717452519232,0.00019133051157737695,0.00019094842136816085,0.00019045946671380508,0.00018987945077133782,0.00018922177915596625,0.00018849778970621474,0.00018771704748040533,0.00018688760506821697,0.00018601622985453292,0.00018510860075687802,0.0001841694773829926,0.00018320284467702284,0.00018221203605291134,0.00018119983783016923,0.00018016857754372983,0.00017912019843139112,0.00017805632213214548,0.00017697830137024338,0.00017588726416071986,0.00017478415085615156,0.00017366974516253603,0.0001725447000839341,0.00017140955960944084,0.00017026477683013778,0.00016911072906585384,0.00016794773048968073,0.000166776042660151,0.000165595883304974,0.0001644074336445117,0.00016321084449623336,0.0001620062413619569,0.00016079372866655822,0.00015957339328906466,0.00015834530750381693,0.00015710953142989795,0.000155866115070787,0.0001546151000125839,0.000153356520837793,0.0001520904063021931,0.0001508167803143887,0.00014953566275104503,0.00014824707013531377,0.00014695101620135084
PD22,pathway,japan,Industrial,Biofuels and Waste,Primary solid biofuels,PRIMSBIO,Final consumption,CO2e,IRONSTL,Mt,0.0,0.0,0.0,0.0,0.0,0.0,0.0,0.0,0.0,0.0,0.0,0.0,0.0,0.0,0.0,0.0,0.0,0.0,0.0,0.0,0.0,0.0,0.0,0.0,0.0,0.0,0.0,0.0,0.0,0.0,0.0,0.0,0.00029141681939814923,0.0006373250376584677,0.0010447719608560405,0.0015208790238873428,0.0020447817346327633,0.0026346603049492677,0.0032928786869432097,0.004019983421823102,0.004814238035826368,0.005632144102862641,0.00649327626654355,0.007386647963429471,0.008299005637354315,0.009215453455854046,0.010149563061264038,0.011061798413443224,0.01193744102484105,0.012763594512279246,0.013529836633159181,0.014255075010764447,0.014910537745830725,0.015493965219472222,0.01600553453728882,0.016447417053673384,0.016850075684178244,0.017192337445040968,0.017479245314297235,0.01771613401627177,0.01790835736487559,0.01801488932690656,0.01811868104113497,0.018192344231285268,0.01823996370159411,0.018265172346797025,0.01827116508085925,0.018260725941528073,0.018236262656023614,0.018199844536633692,0.01815324085889194,0.018097957867254523,0.01803527328955466,0.017966267767868596,0.017891852975480654,0.01781279642792841,0.01772974314417515,0.017643234398222258,0.017553723842005195,0.017461591292038964,0.017367154465616517,0.017270678934883297,0.01717238654390399,0.01707246250827538,0.01697106139108495,0.016868312124380867,0.01676432222252813,0.016659181313241813,0.016552964093799933,0.016445732803902123,0.016337539292717307,0.01622842674566273,0.016118431126179073,0.016007582379009455,0.01589590543405168,0.015783421043561414,0.015670146480173817,0.015556096118736686,0.0154412819211901,0.01532571384057003,0.015209400157567046,0.015092347760856916,0.014974562380562766,0.014856048782660355,0.01473681093084075,0.01461685212126214,0.01449617509472071,0.01437478213001447,0.0142526751216457,0.014129855644483616,0.014006325007570212
PD22,pathway,japan,Industrial,Biofuels and Waste,Primary solid biofuels,PRIMSBIO,Final consumption,CO2e,MACHINE,Mt,0.0,0.0,0.0,0.0,0.0,0.0,0.0,0.0,0.0,0.0,0.0,0.0,0.0,0.0,0.0,0.0,0.0,0.0,0.0,0.0,0.0,0.0,0.0,0.0,0.0,0.0,0.0,0.0,0.0,0.0,0.0,0.0,5.832233556715433e-05,0.00012755023813804806,0.00020909411137642366,0.00030437919462368134,0.00040922979921040586,0.0005272843987799295,0.000659016099889023,0.000804534283869316,0.0009634914237465807,0.0011271820171811615,0.0012995236106471504,0.0014783174222040324,0.001660910968197044,0.0018443230900873128,0.002031269931301687,0.0022138389965872625,0.0023890846201045143,0.0025544258005616204,0.002707776695653887,0.0028529213585879905,0.0029841015617940066,0.003100865079311941,0.0032032473559464145,0.0032916829529550697,0.003372268527308039,0.003440766650752207,0.0034981865933010944,0.0035455960132417816,0.003584066389331492,0.003605387028445697,0.0036261592515411984,0.0036409017406801767,0.003650432002978071,0.0036554771032154356,0.0036566764514468224,0.00365458722753599,0.00364969129891659,0.003642402804778982,0.0036330758368382453,0.0036220118454183534,0.0036094665469587534,0.003595656214390877,0.0035807633042912717,0.003564941422408664,0.0035483196587952413,0.0035310063406368097,0.00351309225898814,0.0034946534279457673,0.0034757534334571784,0.0034564454254668964,0.0034367738024554573,0.0034167756323114275,0.003396481848322301,0.0033759182541400192,0.003355106367015671,0.003334064124478344,0.0033128064759730407,0.0032913458777631115,0.003269692706616225,0.003247855605391091,0.0032258417715853006,0.0032036571981520416,0.0031813068744047934,0.0031587949535699256,0.0031361248924843704,0.0031132995680400607,0.003090321374224703,0.00306719230297653,0.0030439140115410468,0.003020487878574642,0.0029969150508682395,0.0029731964822543545,0.0029493329660012705,0.002925325161781429,0.0029011736181205946,0.0028768787910831203,0.0028524410598228154,0.002827860739524134,0.0028031380921705353
PD22,pathway,japan,Industrial,Biofuels and Waste,Primary solid biofuels,PRIMSBIO,Final consumption,CO2e,NONMET,Mt,0.0,0.0,0.0,0.0,0.0,0.0,0.0,0.0,0.0,0.0,0.0,0.0,0.0,0.0,0.0,0.0,0.0,0.0,0.0,0.0,0.0,0.0,0.0,0.0,0.0,0.0,0.0,0.0,0.0,0.0,0.0,0.0,0.007379459548791489,0.016138788229676737,0.026456442832543225,0.03851275728889292,0.05177938640602009,0.06671670216335918,0.08338456620163537,0.10179681841776467,0.12190948661441475,0.14262107336795432,0.16442726142933878,0.18704984139167669,0.2101531974802603,0.2333601270568169,0.2570143006954451,0.2801145592676399,0.30228819098647347,0.32320862466025435,0.3426119410072367,0.360976932025333,0.3775750156539698,0.39234897225085646,0.40530328660727205,0.41649294327057856,0.4266893453928689,0.4353563359413241,0.442621616716055,0.4486202773197808,0.4534878907550132,0.4561855672518075,0.4588138532863273,0.4606792038624255,0.46188505723631357,0.46252340809725195,0.46267516028056843,0.46241081312799936,0.4617913367841717,0.46086913181523403,0.45968900104779775,0.4582890866524412,0.45670174414275155,0.4549543382895917,0.4530699551184602,0.45106803019204805,0.44896489712952536,0.4467742624479223,0.4445076138373244,0.4421745692759057,0.4397831742221132,0.437340153678672,0.43485112533540815,0.4323207793505875,0.42975302967829876,0.4271511412256118,0.4245178365461155,0.4218553852551985,0.41916567888932965,0.4164502935255064,0.41371054212447544,0.4109475182574324,0.4081621326156555,0.40535514348077367,0.40252718214501226,0.3996787741114345,0.3968103567697308,0.3939222941298031,0.39101488910022436,0.38808839371869974,0.3851430176746397,0.3821789354078871,0.37919629202060834,0.37619520820015906,0.3731757843178834,0.3701381038413936,0.3670822361750382,0.3640082390241269,0.3609161603625649,0.3578060400702868,0.35467791129576526
PD22,pathway,japan,Industrial,Biofuels and Waste,Primary solid biofuels,PRIMSBIO,Final consumption,CO2e,ONONSPEC,Mt,0.0,0.0,0.0,0.0,0.0,0.0,0.0,0.0,0.0,0.0,0.0,0.0,0.0,0.0,0.0,0.0,0.0,0.0,0.0,0.0,0.0,0.0,0.0,0.0,0.0,0.0,0.0,0.0,0.0,0.0,0.0,0.0,0.0004713428092088315,0.0010300291708583986,0.0016872837626455417,0.002454429433305483,0.0032990794765203196,0.004249729232243461,0.005310116316863209,0.0064810457366831255,0.007759643070614924,0.009155384801550443,0.010644996005339274,0.012212317596994739,0.013836819410502188,0.015494482388506689,0.017177654197144294,0.018844300420307988,0.02046845905957545,0.02202665911078517,0.02349915399420502,0.02490433203293023,0.026201157219876377,0.027383436951592354,0.02844923432612304,0.029400200506312223,0.03027955615528343,0.031056337739923178,0.03173794322590615,0.03233251378570438,0.0328484436148152,0.0332271583039457,0.033589558612628426,0.033896909276907417,0.03415600697533215,0.034372958388495294,0.03455318362944797,0.03470144582625768,0.03482189676939524,0.03491813114174385,0.03499324401559607,0.03504988801377783,0.03509032783177849,0.035116490769154074,0.03513001259106631,0.03513227849898201,0.035124459288101734,0.035107542952220586,0.03508236209873139,0.03504961758314868,0.035009898782746365,0.034963700916180146,0.03491143978975733,0.034853464317782024,0.034790067128411255,0.03472149353044905,0.034647949082151054,0.03456960597132788,0.03448660838728141,0.03439907703949715,0.034307112955479564,0.034210800670479886,0.03411021090486216,0.034005402810235806,0.03389642585295436,0.03378332139290235,0.03366612400640364,0.033544862594380304,0.033419561310365005,0.033290240337459406,0.03315691653867966,0.03301960400120785,0.0328783144917709,0.03273305783759141,0.03258384224502195,0.032430674566014284,0.0322735605209302,0.03211250488482082,0.03194751164314134,0.03177858412189926,0.0316057250964192
PD22,pathway,japan,Industrial,Biofuels and Waste,Primary solid biofuels,PRIMSBIO,Final consumption,CO2e,PAPERPRO,Mt,0.0,0.0,0.0,0.0,0.0,0.0,0.0,0.0,0.0,0.0,0.0,0.0,0.0,0.0,0.0,0.0,0.0,0.0,0.0,0.0,0.0,0.0,0.0,0.0,0.0,0.0,0.0,0.0,0.0,0.0,0.0,0.0,0.10018301111261163,0.2190990261370267,0.3591707615941768,0.5228464179443009,0.7029532189207632,0.9057411413445875,1.1320228625369744,1.3819862719412281,1.655034406174753,1.9362134155819488,2.2322526534737195,2.5393751689882897,2.853024666550783,3.1680802703230846,3.489207627256212,3.8028150731594024,4.1038426996688075,4.387856999816884,4.6512750244511665,4.900596819236297,5.125931206615396,5.32650137684765,5.502368215136316,5.654278187734503,5.792703808252114,5.910366247444017,6.008999175747054,6.090436559873955,6.156518929138198,6.193142390879489,6.2288238127048245,6.2541476777194065,6.270518256236391,6.279184461528567,6.281244638234875,6.277655880338946,6.269245914131075,6.256726125921609,6.240704755656388,6.2216996186948785,6.200149971158183,6.176427315203788,6.150845065050413,6.123667076496738,6.095115093579709,6.065375194986911,6.034603336771211,6.00293009191128,5.970464684971285,5.937298414103659,5.903507544660698,5.8691557498930775,5.834296165359488,5.798973115203058,5.7632235606151365,5.727078313730707,5.690563053912577,5.6536991778685,5.616504510258971,5.578993897327739,5.541179702553984,5.503072220314463,5.464680020986935,5.426010238763126,5.387068811613958,5.3478606813116265,5.308389960121096,5.2686600696880905,5.228673856740936,5.1884336894623715,5.1479415377489515,5.107199040043521,5.066207558980217,5.024968227709327,4.983481988459288,4.941749624633224,4.899771787521417,4.857549018530985,4.815081767683205
PD22,pathway,japan,Industrial,Biofuels and Waste,Primary solid biofuels,PRIMSBIO,Final consumption,CO2e,TEXTILES,Mt,0.0,0.0,0.0,0.0,0.0,0.0,0.0,0.0,0.0,0.0,0.0,0.0,0.0,0.0,0.0,0.0,0.0,0.0,0.0,0.0,0.0,0.0,0.0,0.0,0.0,0.0,0.0,0.0,0.0,0.0,0.0,0.0,0.0004938464559589226,0.0010800361893714416,0.0017705118435497116,0.00257734168343543,0.0034651679163318003,0.004464799447547296,0.005580242323720515,0.006812422735177112,0.00815839798487138,0.009544453921338479,0.011003762509032008,0.012517705483470767,0.01406382284473098,0.015616871526588402,0.017199850570356803,0.018745760640353923,0.020229659206052755,0.021629691546986497,0.022928195719067263,0.02415721332774696,0.02526798637576163,0.026256685623670412,0.027123611201620264,0.027872442772555028,0.028554803996751962,0.02913481429938788,0.029621019710288864,0.030022460664069217,0.03034820994531045,0.030528743217219725,0.030704632756936287,0.0308294653093795,0.030910163145198417,0.030952882711346642,0.03096303823525993,0.03094534765730149,0.03090389120714725,0.030842175623158153,0.03076319918955714,0.030669514447710988,0.03056328668568855,0.030446347202248168,0.030320240954957427,0.03018626860597065,0.030045523229907587,0.02989892209107655,0.029747233965971065,0.029591102506663913,0.02943106612943267,0.02926757488332768,0.029101004714065966,0.028931669495315667,0.028759831155791588,0.0285857081888366,0.02840948279254152,0.02823130685357347,0.028051306956891064,0.02786958857634835,0.027686239577595567,0.027501333144346992,0.027314930221670138,0.027127081555109782,0.026937829391855718,0.026747208899500326,0.026555249348933586,0.02636197510034051,0.026167406424897375,0.025971560189412178,0.025774450426670332,0.025576088810493953,0.0253764850513761,0.025175647225927588,0.0249735820511759,0.024770295112920948,0.024565791055824217,0.024360073741626867,0.024153146380827294,0.02394501164226111,0.023735671744282594
PD22,pathway,japan,Industrial,Biofuels and Waste,Primary solid biofuels,PRIMSBIO,Final consumption,CO2e,TRANSEQ,Mt,0.0,0.0,0.0,0.0,0.0,0.0,0.0,0.0,0.0,0.0,0.0,0.0,0.0,0.0,0.0,0.0,0.0,0.0,0.0,0.0,0.0,0.0,0.0,0.0,0.0,0.0,0.0,0.0,0.0,0.0,0.0,0.0,1.6991942141680447e-07,3.7161170682263826e-07,6.091860019191709e-07,8.867946754672911e-07,1.192272052073111e-06,1.5362186560521032e-06,1.9200128614287954e-06,2.3439733456430303e-06,2.807087604963367e-06,3.283992561825928e-06,3.7861018063034987e-06,4.3070092891266015e-06,4.838987122110517e-06,5.373349838029847e-06,5.918010794864633e-06,6.449917304442122e-06,6.960487305871366e-06,7.4422011715188405e-06,7.888981896509251e-06,8.311854144468223e-06,8.694041586266396e-06,9.034226682530132e-06,9.332512700054823e-06,9.59016571292256e-06,9.824948048633909e-06,1.002451415637951e-05,1.0191804497563786e-05,1.032992964511986e-05,1.0442011302743529e-05,1.0504127996584616e-05,1.0564646905774467e-05,1.0607598464561997e-05,1.0635364442036339e-05,1.065006310773596e-05,1.0653557353217946e-05,1.0647470496189905e-05,1.0633206435085073e-05,1.0611971745239086e-05,1.0584798056451566e-05,1.0552563630269096e-05,1.0516013484685474e-05,1.0475777720862107e-05,1.0432387917577847e-05,1.0386291598061935e-05,1.033786486019806e-05,1.0287423310221064e-05,1.0235231463660829e-05,1.0181510784064336e-05,1.0126446526142361e-05,1.007019353979475e-05,1.0012881177936667e-05,9.954617436143342e-06,9.89549243711412e-06,9.835581358592927e-06,9.774946890093472e-06,9.71364129177535e-06,9.651708118153662e-06,9.589183659974328e-06,9.52609814946898e-06,9.462476767205878e-06,9.39834048276064e-06,9.333706756324606e-06,9.26859012403134e-06,9.203002686113372e-06,9.136954513904877e-06,9.070453989097153e-06,9.003508086462421e-06,8.9361226094204e-06,8.86830238627905e-06,8.800051433689861e-06,8.731373092775034e-06,8.662270142481392e-06,8.592744893959311e-06,8.522799269133872e-06,8.452434866109471e-06,8.381653013608456e-06,8.310454816277881e-06,8.238841192393038e-06,8.166812905230598e-06
PD22,pathway,japan,Industrial,Biofuels and Waste,Primary solid biofuels,PRIMSBIO,Final consumption,CO2e,WOODPRO,Mt,0.0,0.0,0.0,0.0,0.0,0.0,0.0,0.0,0.0,0.0,0.0,0.0,0.0,0.0,0.0,0.0,0.0,0.0,0.0,0.0,0.0,0.0,0.0,0.0,0.0,0.0,0.0,0.0,0.0,0.0,0.0,0.0,0.0021775855202805505,0.0047623530329634345,0.007806962887913771,0.011364629355832184,0.015279444428315303,0.01968725807509744,0.024605734712007693,0.03003895831822187,0.03597395325242467,0.04208568150546835,0.04852041281079297,0.05519605107829227,0.06201356032212625,0.06886163279707545,0.07584168135877722,0.08265827656455836,0.08920143586283959,0.0953747922102533,0.10110046635254612,0.1065197437747847,0.11141762909215111,0.11577723750926103,0.11959989243150565,0.12290181910592145,0.12591064888182196,0.12846816857522755,0.1306120613781114,0.1323821905298987,0.13381856191520167,0.13461461225452254,0.13539018634285307,0.13594062779156643,0.13629645992658912,0.136484829221447,0.13652960937843223,0.13645160386489077,0.1362688042021843,0.13599667313705519,0.1356484314190519,0.13523533432206195,0.13476692955041547,0.13425129210315587,0.13369523437548822,0.13310449155704462,0.1324838834930133,0.1318374548038467,0.13116859536212647,0.1304801433120103,0.12977447276690082,0.12905356819035677,0.12831908729185426,0.1275724140779943,0.1268147035073067,0.12604691901272483,0.1252698639855044,0.12448420816054596,0.12369050970642523,0.1228892337036031,0.12208076759025062,0.12126543406544692,0.1204435018627121,0.11961519474139937,0.11878069898788911,0.11794016967151313,0.11709373586045736,0.11624150496945672,0.11538356638301399,0.1145199944742799,0.11365085111995707,0.1127761877950449,0.1118960473173642,0.11101046530023277,0.11011947136196944,0.10922309013281473,0.10832134209311733,0.10741424427098693,0.10650181082291843,0.10558405351697797,0.10466098213486211
PD22,pathway,japan,Industrial,Coal,Blast furnace gas,BLFURGS,Energy industry own use and Losses,CO2e,ECOKEOVS,Mt,0.0,0.0,0.0,0.0,0.0,0.0,0.0,0.0,0.0,0.0,0.0,0.0,0.0,0.0,0.0,0.0,0.0,0.0,0.0,0.0,0.0,0.0,0.0,0.0,0.0,0.0,0.0,0.0,0.0,0.0,0.0,0.0,0.07953801211283817,0.17066818358183333,0.2745671051106946,0.39247495666575993,0.5150586822045735,0.6487941424897237,0.7943202409943222,0.9522201159815573,1.1229988385210543,1.3142646163037934,1.5212448230319051,1.744287054201477,1.9835694304418396,2.239078019745767,2.509413809577133,2.7950449953048455,3.0952599357514625,3.409098083979835,3.7353461190990362,4.07481932842869,4.423892085171692,4.780644576509484,5.1429602160842,5.5085648022398885,5.883659405234757,6.258172684698069,6.629640011820461,6.995652657069842,7.353917848110809,7.684623793508185,8.015010914601902,8.331644740505865,8.633186736668794,8.918586143259532,9.187079154217088,9.43817819751015,9.671653133756962,9.887506412890081,10.085944249555707,10.267345738188599,10.432231577127325,10.581233756416054,10.71506722855226,10.834504258352034,10.94035185978228,11.03343248673433,11.114567955905507,11.18456644188814,11.244212292071156,11.294258354802206,11.33542049052821,11.368373934677043,11.393751196050435,11.4121411997707,11.424089414842802,11.43009873976185,11.430630952888187,11.426108565911068,11.41691694764372,11.40340661112314,11.385895579364753,11.364671764198363,11.33999530860194,11.312100856139397,11.28119972182825,11.247481947344797,11.211118230243429,11.172261722113744,11.13104969459467,11.087605075136416,11.042037856550678,10.994446385883005,10.944918539120065,10.89353278882519,10.840359172069919,10.785460166076035,10.728891478861357,10.67070276194171,10.610938251818974
PD22,pathway,japan,Industrial,Coal,Blast furnace gas,BLFURGS,Energy industry own use and Losses,CO2e,EPOWERPLT,Mt,0.0,0.0,0.0,0.0,0.0,0.0,0.0,0.0,0.0,0.0,0.0,0.0,0.0,0.0,0.0,0.0,0.0,0.0,0.0,0.0,0.0,0.0,0.0,0.0,0.0,0.0,0.0,0.0,0.0,0.0,0.0,0.0,1.2993496062886775e-06,2.7681279543274157e-06,4.422675463143554e-06,6.2800805525904235e-06,8.238165989258293e-06,1.0372938223214399e-05,1.2694395576873582e-05,1.521163010757457e-05,1.7932473420473604e-05,2.0950376088487766e-05,2.4208364055688735e-05,2.7710900512030413e-05,3.1459753023960636e-05,3.545365844162513e-05,3.974834204800999e-05,4.4288242373503205e-05,4.906227865606616e-05,5.4055403003745674e-05,5.924853298115639e-05,6.476093114820238e-05,7.044565098880191e-05,7.627255785689842e-05,8.220812732927707e-05,8.821605097689784e-05,9.441061101195967e-05,0.00010061661906748811,0.00010679383383263845,0.0001129026328547561,0.00011890500284848744,0.00012445097025607545,0.000130026496905463,0.00013539387236210316,0.00014052986901256327,0.00014541584589036763,0.00015003777704493512,0.0001543861161942886,0.00015845552572249738,0.00016224450219541172,0.00016575493139240125,0.00016899160400680077,0.00017196171942226603,0.0001746744001062951,0.0001771402338680028,0.00017937085605100882,0.00018137857905490745,0.0001831760726234805,0.00018477609519635654,0.00018619127428596936,0.00018743393224090557,0.00018851595278081545,0.00018944868321405024,0.00019024286715587765,0.00019090860274329895,0.00019145532169956053,0.00019189178506336414,0.00019222609190794082,0.00019246569789288547,0.00019261744098891895,0.00019268757217536363,0.00019268178932235218,0.00019260527283083384,0.00019246272191345403,0.00019225839066082005,0.00019199612325484686,0.00019167938786855666,0.00019131130893503828,0.00019089469758218886,0.0001904320801191114,0.00018992572452863028,0.00018937766497221798,0.00018878972435174083,0.00018816353499958547,0.0001875005575872853,0.000186802098354437,0.00018606932476622674,0.00018530327971040674,0.00018450489434410097,0.00018367499969828297,0.00018281433714362156
PD22,pathway,japan,Industrial,Coal,Blast furnace gas,BLFURGS,Final consumption,CO2e,CHEMICAL,Mt,0.0,0.0,0.0,0.0,0.0,0.0,0.0,0.0,0.0,0.0,0.0,0.0,0.0,0.0,0.0,0.0,0.0,0.0,0.0,0.0,0.0,0.0,0.0,0.0,0.0,0.0,0.0,0.0,0.0,0.0,0.0,0.0,0.006348514389198701,0.013524843555681176,0.02160882543130127,0.030683952617897692,0.040250995629110276,0.05068131567487699,0.062023763729108894,0.07432276282973438,0.08761657754987828,0.10236179963665204,0.11828005857905366,0.13539316115295574,0.15370974354139422,0.1732236340989658,0.19420710193566715,0.21638867832005793,0.23971422356801864,0.2641102149277591,0.28948341720296356,0.3164165373679362,0.3441916069350026,0.3726613905233398,0.4016620905821283,0.4310163071390327,0.4612824136026129,0.4916044541445258,0.5217858130581896,0.5516328983268015,0.5809599801915035,0.6080571168810389,0.6352986775739292,0.6615232288061711,0.6866172823853716,0.7104897600956859,0.7330721323060925,0.7543177566747603,0.774200554053032,0.7927131787863688,0.8098648446363365,0.8256789585331588,0.8401906960681547,0.8534446288607684,0.8654924880680268,0.8763911230136495,0.8862006910606833,0.8949830955262312,0.9028006730879465,0.9097151207240695,0.9157866444075973,0.9210733070069317,0.9256305505293642,0.92951086738786,0.9327635962421191,0.9354348197095185,0.9375673434983851,0.9392007390086703,0.9403714339746725,0.9411128381540925,0.9414554933133511,0.941427238773252,0.9410533855430943,0.9403568935860418,0.9393585480359053,0.9380771312466285,0.9365295884238964,0.9347311852885949,0.9326956567784332,0.9304353462301191,0.9279613348195934,0.9252835612910668,0.92241093219184,0.9193514229625448,0.9161121703231239,0.9126995564518879,0.9091192854868894,0.9053764528911739,0.9014756082212048,0.897420811825381,0.8932156859792904
PD22,pathway,japan,Industrial,Coal,Blast furnace gas,BLFURGS,Final consumption,CO2e,IRONSTL,Mt,0.0,0.0,0.0,0.0,0.0,0.0,0.0,0.0,0.0,0.0,0.0,0.0,0.0,0.0,0.0,0.0,0.0,0.0,0.0,0.0,0.0,0.0,0.0,0.0,0.0,0.0,0.0,0.0,0.0,0.0,0.0,0.0,0.19474579778566792,0.41488548134328695,0.6628681436069286,0.9412549874592635,1.2347317458703877,1.554690223388942,1.9026289630288957,2.2799106772976216,2.6877091628289875,3.1400307396220235,3.628336167797663,4.153294387788904,4.715170321473863,5.313774648653492,5.957459443811388,6.637897184721545,7.353427092919979,8.101793798713114,8.880137237277104,9.706332414893598,10.55835506929504,11.431688636456709,12.321308494434934,13.221772756038227,14.150209975798527,15.080363018512132,16.0062005388456,16.92178394558753,17.82141582862842,18.652642345384727,19.488299184895062,20.292758439170882,21.062538766403403,21.794846268883923,22.487578744924463,23.139305403080954,23.749226244440358,24.317115935126782,24.84325711470546,25.328367809634322,25.773527059539667,26.18010213478668,26.549679930328715,26.8840043450093,27.184920754445606,27.454328092803294,27.69413858793234,27.90624484438739,28.092493728935082,28.254666366880535,28.394463486501103,28.513495334889864,28.61327541521557,28.695217348923336,28.760634235630935,28.810739959938843,28.84665197196888,28.869395142977268,28.87990636627523,28.879039635475646,28.867571386197415,28.84620593382351,28.815580879092924,28.776272385857364,28.72880026196438,28.673632795711104,28.611191317386453,28.541854468796533,28.465962173948242,28.383819311833996,28.29569909797372,28.2018461854395,28.102479498870018,27.99779481673099,27.887967118056515,27.773152710284045,27.653491154726478,27.529107005844867,27.40011137986355
PD22,pathway,japan,Industrial,Coal,Blast furnace gas,BLFURGS,Final consumption,CO2e,MACHINE,Mt,0.0,0.0,0.0,0.0,0.0,0.0,0.0,0.0,0.0,0.0,0.0,0.0,0.0,0.0,0.0,0.0,0.0,0.0,0.0,0.0,0.0,0.0,0.0,0.0,0.0,0.0,0.0,0.0,0.0,0.0,0.0,0.0,1.5138641573910145e-06,3.22512868965096e-06,5.1528317175155184e-06,7.316882852837517e-06,9.598236035486768e-06,1.2085445908440411e-05,1.4790161455054905e-05,1.772297577487425e-05,2.089301342243221e-05,2.4409153079911217e-05,2.820501462855499e-05,3.228579810326271e-05,3.665356288472637e-05,4.130683728489475e-05,4.6310546484923675e-05,5.159995616160228e-05,5.716215618789013e-05,6.297961435831952e-05,6.903009784592378e-05,7.545255871863263e-05,8.207579050308975e-05,8.886468351030925e-05,9.578017864298849e-05,0.00010277997317592664,0.0001099972166048697,0.0001172277980513668,0.00012442483261404925,0.0001315421564193826,0.00013853548042466204,0.00014499705261106308,0.00015149306408652335,0.0001577465598999221,0.00016373047770309128,0.00016942309902174955,0.0001748080823079752,0.00017987430524791866,0.00018461554901840545,0.00018903006197764388,0.00019312004123546689,0.00019689106839892908,0.00020035153142521973,0.00020351205884457086,0.0002063849864476324,0.00020898387050100067,0.00021132305610498375,0.00021341730469938316,0.000215281481062981,0.00021693029743209764,0.00021837811049855017,0.00021963876591030585,0.0002207254843458584,0.00022165078312463905,0.00022242642752335893,0.000223063406384202,0.00022357192713895395,0.0002239614259675415,0.0002242405894126593,0.0002244173843515309,0.00022449909376134644,0.00022449235619521402,0.00022440320730610964,0.00022423712211750444,0.00022399905704394737,0.00022369349091791546,0.00022332446448625963,0.0002228956180065691,0.00022241022670649993,0.00022187123397309958,0.00022128128221907288,0.00022064274143331931,0.00021995773546748315,0.00021922816614189145,0.00021845573527587704,0.00021764196476108235,0.00021678821480394586,0.0002158957004665114,0.00021496550663416164,0.00021399860153592325,0.0002129958489381586
PD22,pathway,japan,Industrial,Coal,Blast furnace gas,BLFURGS,Final consumption,CO2e,NONFERR,Mt,0.0,0.0,0.0,0.0,0.0,0.0,0.0,0.0,0.0,0.0,0.0,0.0,0.0,0.0,0.0,0.0,0.0,0.0,0.0,0.0,0.0,0.0,0.0,0.0,0.0,0.0,0.0,0.0,0.0,0.0,0.0,0.0,0.00215828706300053,0.00459800405036459,0.007346293245292956,0.010431539399139655,0.01368402082966158,0.017229988191102052,0.021086049215371827,0.025267306281103352,0.029786768090503957,0.03479966089029024,0.04021134781964997,0.046029242468498155,0.052256280856346926,0.058890364825798514,0.06602405696106317,0.07356506678043806,0.08149498856367624,0.08978882698206045,0.09841488512105492,0.10757126427602712,0.11701387866507745,0.12669267307872448,0.13655196171187875,0.14653143438143362,0.15682091976700394,0.1671294209081111,0.1773900949010639,0.18753712679771056,0.19750737456021653,0.2067195139641825,0.2159807528013259,0.22489624171536882,0.23342739843612537,0.24154325935180704,0.2492205266312999,0.2564433434052969,0.26320284361699947,0.26949652998433693,0.2753275348846135,0.2807038159078399,0.28563733160353244,0.29014323486317484,0.2942391125866497,0.29794429168296305,0.3012792236861981,0.3042649536976603,0.3069226741470556,0.309273359987231,0.31133747927806144,0.31313477149401764,0.314684085102591,0.31600326580576205,0.3171090871326445,0.31801721566455443,0.3187422039410058,0.3192975049425455,0.3196955029063118,0.31994755605619823,0.32006404759295154,0.3200544419742778,0.31992734411474033,0.3196905596501815,0.31935115484566057,0.31891551508664645,0.3183894011883423,0.3177780029960999,0.31708598993910414,0.31631755834775577,0.31547647545911356,0.3145661201208477,0.3135895202674697,0.31254938728770465,0.3114481474327005,0.3102879704341516,0.3090707955122613,0.30779835495765623,0.3064721954705968,0.30509369743661624,0.303664092310833
PD22,pathway,japan,Industrial,Coal,Blast furnace gas,BLFURGS,Final consumption,CO2e,NONMET,Mt,0.0,0.0,0.0,0.0,0.0,0.0,0.0,0.0,0.0,0.0,0.0,0.0,0.0,0.0,0.0,0.0,0.0,0.0,0.0,0.0,0.0,0.0,0.0,0.0,0.0,0.0,0.0,0.0,0.0,0.0,0.0,0.0,0.0001286790589238966,0.00027413722867180787,0.000437992757121506,0.0006219379692443301,0.0008158539023107904,0.0010272677363958004,0.0012571696397442496,0.0015064600300546231,0.0017759144981121106,0.0020747877754536855,0.0023974375254330257,0.0027443057530965737,0.0031155675066268963,0.0035110976919509665,0.003936414975437105,0.004386016913718656,0.0048588061408331405,0.005353292412302903,0.0058675859289426605,0.006413497672107259,0.00697647502307883,0.0075535336442496895,0.00814135349672548,0.008736338831943033,0.009349807410300566,0.0099644097254854,0.010576160542127233,0.01118113591251009,0.011775571250288443,0.012324807470761406,0.012876971044580117,0.013408520690117338,0.013917156096953837,0.014401031186088317,0.014858756919410812,0.015289387895795184,0.01569239551278407,0.016067630880124518,0.01641528075303118,0.016735819570336326,0.017029960311756246,0.017298606406612054,0.01754280640204332,0.01776371258613325,0.017962544298146053,0.01814055626636944,0.018299012002945803,0.01843916205384727,0.018562226743620958,0.01866938295788235,0.018761754459591693,0.01884040522590756,0.01890633531005651,0.018960478768019717,0.019003703235581936,0.019036810791811406,0.0190605397963118,0.019075567436833855,0.01908251276935194,0.01908194007353566,0.01907436238230223,0.019060245074836713,0.019040009448358337,0.019014036205419173,0.01898266881111785,0.018946216688805563,0.018904958234143163,0.018859143636207044,0.018808997501134076,0.01875472127892871,0.01869649549783025,0.01863448181332722,0.01856882488074365,0.018499654061477896,0.01842708497362131,0.01835122089793365,0.018272154050106387,0.018189966729994084,0.018104732358083048
PD22,pathway,japan,Industrial,Coal,Coal tar,COALTAR,Final consumption,CO2e,CHEMICAL,Mt,0.0,0.0,0.0,0.0,0.0,0.0,0.0,0.0,0.0,0.0,0.0,0.0,0.0,0.0,0.0,0.0,0.0,0.0,0.0,0.0,0.0,0.0,0.0,0.0,0.0,0.0,0.0,0.0,0.0,0.0,0.0,0.0,4.7680849809300543e-07,1.0141648907133481e-06,1.6178145426540649e-06,2.2937276289847745e-06,3.027395916356838e-06,3.834953346621174e-06,4.721093401579654e-06,5.690183743896354e-06,6.746113712496741e-06,7.895804537759728e-06,9.139142948493071e-06,1.047776097534101e-05,1.1912226204810536e-05,1.3441935573015776e-05,1.5080318541470007e-05,1.6812157680551844e-05,1.8633113173820314e-05,2.0537432250194564e-05,2.2517936126396576e-05,2.459040581719639e-05,2.6724283465847017e-05,2.8908387316485167e-05,3.113036117757449e-05,3.337687903117706e-05,3.566631457544338e-05,3.795536300323928e-05,4.022941034435254e-05,4.247410545227771e-05,4.467571489581452e-05,4.675490096483085e-05,4.8809798506767645e-05,5.07859438007792e-05,5.267496616397869e-05,5.4470176811570585e-05,5.616657865617813e-05,5.7760816005901605e-05,5.9251074414722294e-05,6.063694250098213e-05,6.191924788102418e-05,6.309987869846165e-05,6.418160085279001e-05,6.516787923586869e-05,6.606270932921352e-05,6.687046360256302e-05,6.759575542634034e-05,6.824332175027603e-05,6.881792464149332e-05,6.932427091501045e-05,6.976694850073577e-05,7.015037783319664e-05,7.047877637767135e-05,7.075613437428802e-05,7.098619994953246e-05,7.117247187820748e-05,7.131819845086941e-05,7.142638109128242e-05,7.149978156035814e-05,7.154093176727047e-05,7.155214537845207e-05,7.153553056755949e-05,7.149300338287005e-05,7.142630132292042e-05,7.133699680764131e-05,7.122651031221443e-05,7.109612299627119e-05,7.094698871375865e-05,7.078014533061006e-05,7.059652531008795e-05,7.039696555077823e-05,7.018221648113032e-05,6.995295042834168e-05,6.970976928921902e-05,6.945321153735048e-05,6.918375860509586e-05,6.890184068117381e-05,6.860784196546428e-05,6.830210542235924e-05,6.798493707298147e-05,6.765660986498778e-05
PD22,pathway,japan,Industrial,Coal,Coal tar,COALTAR,Final consumption,CO2e,IRONSTL,Mt,0.0,0.0,0.0,0.0,0.0,0.0,0.0,0.0,0.0,0.0,0.0,0.0,0.0,0.0,0.0,0.0,0.0,0.0,0.0,0.0,0.0,0.0,0.0,0.0,0.0,0.0,0.0,0.0,0.0,0.0,0.0,0.0,1.6969614447129996e-07,3.6094128460488703e-07,5.757801957305853e-07,8.16337663155683e-07,1.0774502066313981e-06,1.3648598960624793e-06,1.6802371416222003e-06,2.0251363944527137e-06,2.4009418702775894e-06,2.810116834988687e-06,3.2526209753686825e-06,3.7290351311238683e-06,4.23956130629207e-06,4.783984870436315e-06,5.367085368909175e-06,5.983446918508403e-06,6.631524978562647e-06,7.309272137844239e-06,8.014133467384542e-06,8.751725430340193e-06,9.511172485494953e-06,1.0288495045937068e-05,1.1079295543098764e-05,1.1878831247195915e-05,1.2693641357400301e-05,1.3508313692852859e-05,1.4317647141555066e-05,1.5116534130465639e-05,1.5900086931420382e-05,1.6640069253383298e-05,1.7371407288558603e-05,1.8074717398697315e-05,1.8747020457760013e-05,1.938593592723797e-05,1.998968534373379e-05,2.0557074416500377e-05,2.1087457384199664e-05,2.158068783609954e-05,2.20370603208565e-05,2.245724682878249e-05,2.2842231743507958e-05,2.3193248220045656e-05,2.3511718250267085e-05,2.3799197996152165e-05,2.4057329356234512e-05,2.4287798210923224e-05,2.4492299379907463e-05,2.4672508018652207e-05,2.4830056971411846e-05,2.4966519470834672e-05,2.5083396512813215e-05,2.5182108223809092e-05,2.526398856203859e-05,2.533028274145403e-05,2.5382146828664412e-05,2.54206490303874e-05,2.5446772257331447e-05,2.5461417615971544e-05,2.5465408540191075e-05,2.5459495328994402e-05,2.544435990396344e-05,2.5420620640827364e-05,2.5388837163839517e-05,2.5349515020117096e-05,2.5303110174372902e-05,2.5250033283226683e-05,2.5190653723164103e-05,2.5125303357860286e-05,2.5054280039521955e-05,2.4977850845634266e-05,2.4896255057446785e-05,2.4809706890033026e-05,2.4718397986143017e-05,2.4622499687553598e-05,2.4522165098429743e-05,2.4417530955508723e-05,2.430871931981763e-05,2.4195839104274086e-05,2.407898745094913e-05
PD22,pathway,japan,Industrial,Coal,Coke oven coke,OVENCOKE,Energy industry own use and Losses,CO2e,ECOKEOVS,Mt,0.0,0.0,0.0,0.0,0.0,0.0,0.0,0.0,0.0,0.0,0.0,0.0,0.0,0.0,0.0,0.0,0.0,0.0,0.0,0.0,0.0,0.0,0.0,0.0,0.0,0.0,0.0,0.0,0.0,0.0,0.0,0.0,6.445034214288273e-07,1.3833721147337986e-06,2.226192452475792e-06,3.1830372093271856e-06,4.178162832304782e-06,5.263963302435073e-06,6.445432282644898e-06,7.727023116756816e-06,9.112457877837821e-06,1.066298714722788e-05,1.233928499549379e-05,1.4143484436129181e-05,1.6076282002482875e-05,1.813679599826057e-05,2.031295937352201e-05,2.2607915708733065e-05,2.5015380666737732e-05,2.7527228194110725e-05,3.013348618094395e-05,3.284073353585694e-05,3.5619915836000935e-05,3.8455933293838964e-05,4.133224864952963e-05,4.423116795929787e-05,4.7203065010734347e-05,5.0167687745003704e-05,5.3105930091762045e-05,5.5999122152317426e-05,5.8829491414629646e-05,6.143915567767402e-05,6.404646734208843e-05,6.654436099926393e-05,6.892247224089851e-05,7.117267589021152e-05,7.328908211610535e-05,7.526795492504809e-05,7.710756706249931e-05,7.880800720324399e-05,8.037095554928909e-05,8.17994429078989e-05,8.309760637919305e-05,8.427045232923633e-05,8.532363469835192e-05,8.626325415784882e-05,8.709568136062682e-05,8.782740563382142e-05,8.84649089724456e-05,8.901456410235598e-05,8.948255464874433e-05,8.987481501615544e-05,9.019698739569911e-05,9.045439330452816e-05,9.065201717818251e-05,9.079449973319254e-05,9.088613905976996e-05,9.093089766570126e-05,9.093241395354053e-05,9.089401686109398e-05,9.081874262220835e-05,9.070935280692642e-05,9.056835297584619e-05,9.03980114334037e-05,9.02003776904619e-05,8.997730035025596e-05,8.973044421601424e-05,8.946130648603931e-05,8.917123195525432e-05,8.88614271834738e-05,8.853297362207379e-05,8.818683971410012e-05,8.782389199975194e-05,8.744490527091838e-05,8.705057182613526e-05,8.664150988189011e-05,8.621827119835199e-05,8.578134797796363e-05,8.533117909437155e-05,8.48681557072676e-05,8.43926263161711e-05
PD22,pathway,japan,Industrial,Coal,Coke oven coke,OVENCOKE,Energy industry own use and Losses,CO2e,EGASWKS,Mt,0.0,0.0,0.0,0.0,0.0,0.0,0.0,0.0,0.0,0.0,0.0,0.0,0.0,0.0,0.0,0.0,0.0,0.0,0.0,0.0,0.0,0.0,0.0,0.0,0.0,0.0,0.0,0.0,0.0,0.0,0.0,0.0,6.445034214288273e-07,1.3833721147337986e-06,2.226192452475792e-06,3.1830372093271856e-06,4.178162832304782e-06,5.263963302435073e-06,6.445432282644898e-06,7.727023116756816e-06,9.112457877837821e-06,1.066298714722788e-05,1.233928499549379e-05,1.4143484436129181e-05,1.6076282002482875e-05,1.813679599826057e-05,2.031295937352201e-05,2.2607915708733065e-05,2.5015380666737732e-05,2.7527228194110725e-05,3.013348618094395e-05,3.284073353585694e-05,3.5619915836000935e-05,3.8455933293838964e-05,4.133224864952963e-05,4.423116795929787e-05,4.7203065010734347e-05,5.0167687745003704e-05,5.3105930091762045e-05,5.5999122152317426e-05,5.8829491414629646e-05,6.143915567767402e-05,6.404646734208843e-05,6.654436099926393e-05,6.892247224089851e-05,7.117267589021152e-05,7.328908211610535e-05,7.526795492504809e-05,7.710756706249931e-05,7.880800720324399e-05,8.037095554928909e-05,8.17994429078989e-05,8.309760637919305e-05,8.427045232923633e-05,8.532363469835192e-05,8.626325415784882e-05,8.709568136062682e-05,8.782740563382142e-05,8.84649089724456e-05,8.901456410235598e-05,8.948255464874433e-05,8.987481501615544e-05,9.019698739569911e-05,9.045439330452816e-05,9.065201717818251e-05,9.079449973319254e-05,9.088613905976996e-05,9.093089766570126e-05,9.093241395354053e-05,9.089401686109398e-05,9.081874262220835e-05,9.070935280692642e-05,9.056835297584619e-05,9.03980114334037e-05,9.02003776904619e-05,8.997730035025596e-05,8.973044421601424e-05,8.946130648603931e-05,8.917123195525432e-05,8.88614271834738e-05,8.853297362207379e-05,8.818683971410012e-05,8.782389199975194e-05,8.744490527091838e-05,8.705057182613526e-05,8.664150988189011e-05,8.621827119835199e-05,8.578134797796363e-05,8.533117909437155e-05,8.48681557072676e-05,8.43926263161711e-05
PD22,pathway,japan,Industrial,Coal,Coke oven coke,OVENCOKE,Energy industry own use and Losses,CO2e,EPOWERPLT,Mt,0.0,0.0,0.0,0.0,0.0,0.0,0.0,0.0,0.0,0.0,0.0,0.0,0.0,0.0,0.0,0.0,0.0,0.0,0.0,0.0,0.0,0.0,0.0,0.0,0.0,0.0,0.0,0.0,0.0,0.0,0.0,0.0,1.53566474727267e-05,3.296174571497303e-05,5.304371018438614e-05,7.58425458903594e-05,9.955350362160975e-05,0.00012542498000345063,0.0001535759595418084,0.00018411255250527694,0.00021712344510102987,0.0002540680610557131,0.00029400937751613036,0.00033699821800809403,0.00038305117890136,0.0004321472519301546,0.0004839989142888467,0.0005386810683835539,0.0005960439766844272,0.0006558940189038962,0.0007179935885819702,0.0007824994420322176,0.0008487192966159785,0.0009162933681856312,0.0009848276217972083,0.0010539004620829873,0.001124712150317269,0.0011953505126689784,0.0012653603068894241,0.0013342966834354831,0.001401736174885523,0.0014639169062475076,0.0015260415820066765,0.0015855591439655628,0.0016422226383311144,0.00169583846570366,0.001746266288488655,0.0017934170887946152,0.0018372497111548793,0.001877766268432417,0.0019150067949684681,0.0019490435061107997,0.001979974976957673,0.0020079204946939493,0.0020330147763211043,0.0020554031831444817,0.0020752375093477933,0.0020926723767776285,0.0021078622325773604,0.0021209589203232478,0.002132109777871098,0.0021414562048714396,0.0021491326383760645,0.002155265874706326,0.0021599746785062753,0.002163369624592754,0.002165553123991047,0.0021666195917704333,0.002166655720512408,0.0021657408291509746,0.0021639472623336225,0.002161340820265919,0.002157981203190787,0.002153922458224855,0.0021492134192684065,0.002143898133175586,0.002138016267379395,0.002131603495773509,0.0021246918609210425,0.002117310111643351,0.002109484015790517,0.002101236648551837,0.0020925886570672915,0.002083558502380701,0.0020741626799585093,0.0020644159201067863,0.0020543313696702544,0.0020439207564057395,0.0020331945373995024,0.002022162032852638,0.0020108315464980424
PD22,pathway,japan,Industrial,Coal,Coke oven coke,OVENCOKE,Final consumption,CO2e,AGRICULT,Mt,0.0,0.0,0.0,0.0,0.0,0.0,0.0,0.0,0.0,0.0,0.0,0.0,0.0,0.0,0.0,0.0,0.0,0.0,0.0,0.0,0.0,0.0,0.0,0.0,0.0,0.0,0.0,0.0,0.0,0.0,0.0,0.0,6.260061732338165e-07,1.3436693350409149e-06,2.1623007290897398e-06,3.0916840414194833e-06,4.058249559017664e-06,5.11288755565518e-06,6.260448376132973e-06,7.505257553305916e-06,8.85093033674388e-06,1.0356959416102425e-05,1.1985147516123125e-05,1.373756643281227e-05,1.5614892709011615e-05,1.7616269953110486e-05,1.9729977439501936e-05,2.1959068527892438e-05,2.4297439241602347e-05,2.673719674493977e-05,2.9268655127550846e-05,3.189820448337785e-05,3.459762425150771e-05,3.73522480083058e-05,4.014601311328816e-05,4.296173343886605e-05,4.584833704492628e-05,4.8727875106722116e-05,5.158178989812849e-05,5.439194734654593e-05,5.714108501102979e-05,5.96758519097248e-05,6.220833372937051e-05,6.463453783858507e-05,6.694439728758475e-05,6.913002009216246e-05,7.118568545937313e-05,7.310776461869925e-05,7.489457988780563e-05,7.654621739651093e-05,7.80643091250245e-05,7.945179889644224e-05,8.071270507611024e-05,8.185189034738727e-05,8.287484638250928e-05,8.37874987635186e-05,8.459603530557686e-05,8.530675909213077e-05,8.592596608493643e-05,8.64598461126184e-05,8.69144053303254e-05,8.72954078251918e-05,8.760833385744259e-05,8.785835221668825e-05,8.80503042851687e-05,8.818869759084993e-05,8.827770686875458e-05,8.832118090269567e-05,8.832265367307393e-05,8.828535857718062e-05,8.8212244708951e-05,8.810599438136766e-05,8.796904124543942e-05,8.780358850526501e-05,8.761162685074565e-05,8.739495183020363e-05,8.715518046701462e-05,8.689376698989e-05,8.661201759813854e-05,8.631110422330813e-05,8.59920772791203e-05,8.565587741430544e-05,8.530334629935907e-05,8.493523648964303e-05,8.455222041472518e-05,8.415489854827987e-05,8.374380681495928e-05,8.331942329099608e-05,8.28821742543631e-05,8.243243963846901e-05,8.197055794089699e-05
PD22,pathway,japan,Industrial,Coal,Coke oven coke,OVENCOKE,Final consumption,CO2e,CHEMICAL,Mt,0.0,0.0,0.0,0.0,0.0,0.0,0.0,0.0,0.0,0.0,0.0,0.0,0.0,0.0,0.0,0.0,0.0,0.0,0.0,0.0,0.0,0.0,0.0,0.0,0.0,0.0,0.0,0.0,0.0,0.0,0.0,0.0,0.0007772194370687796,0.0016682358239253209,0.002684609557051132,0.0038384875948643538,0.005038529287100427,0.006347917572879835,0.007772674409200667,0.009318170171554757,0.010988893381550582,0.012858707327987579,0.014880188093908855,0.017055907922520014,0.019386706777177756,0.021871521402863192,0.024495799905125792,0.027263333189892228,0.03016654285055624,0.03319562951839637,0.03633856762862667,0.039603290817413886,0.04295476178096708,0.04637477138651962,0.049843377024991045,0.0533392412192429,0.05692311071713176,0.0604982079719173,0.06404149259507166,0.06753045018609818,0.07094364852083188,0.0740906943269895,0.07723490308787778,0.08024716250736015,0.08311497394024989,0.08582853907498869,0.08838075524763733,0.09076711714962302,0.09298554185049579,0.09503613628493457,0.09692092664180758,0.09864356783160488,0.10020904886527524,0.10162340701878222,0.10289346049070963,0.10402656620138222,0.10503040664727084,0.10591280743645683,0.1066815853350698,0.1073444253394003,0.10790878440550283,0.10838181894931917,0.108770333000824,0.10908074388291797,0.10931906242511044,0.10949088495935161,0.10960139463772998,0.10965536992684295,0.10965719844837082,0.10961089463432712,0.10952011993922499,0.10938820459505817,0.10921817010696185,0.10901275186816792,0.10877442142440627,0.1085054080429206,0.10820771934288703,0.10788316082538324,0.10753335420523392,0.10715975449680931,0.10676366584373653,0.10634625611065966,0.10590857027556246,0.10545154267532485,0.10497600816645868,0.10448271226846699,0.10397232035986241,0.10344542599731633,0.10290255842724877,0.10234418935687704,0.10177073904867186
PD22,pathway,japan,Industrial,Coal,Coke oven coke,OVENCOKE,Final consumption,CO2e,FOODPRO,Mt,0.0,0.0,0.0,0.0,0.0,0.0,0.0,0.0,0.0,0.0,0.0,0.0,0.0,0.0,0.0,0.0,0.0,0.0,0.0,0.0,0.0,0.0,0.0,0.0,0.0,0.0,0.0,0.0,0.0,0.0,0.0,0.0,6.445034214288273e-07,1.3833721147337715e-06,2.226192452475792e-06,3.1830372093271585e-06,4.178162832304782e-06,5.26396330243506e-06,6.4454322826449116e-06,7.727023116756816e-06,9.112457877837821e-06,1.066298714722788e-05,1.233928499549379e-05,1.4143484436129168e-05,1.6076282002482875e-05,1.813679599826057e-05,2.0312959373521995e-05,2.2607915708733065e-05,2.5015380666737732e-05,2.7527228194110725e-05,3.013348618094395e-05,3.284073353585694e-05,3.561991583600092e-05,3.845593329383897e-05,4.133224864952964e-05,4.423116795929787e-05,4.720306501073435e-05,5.0167687745003704e-05,5.3105930091762045e-05,5.5999122152317426e-05,5.8829491414629646e-05,6.143915567767402e-05,6.404646734208843e-05,6.654436099926393e-05,6.892247224089851e-05,7.117267589021152e-05,7.328908211610535e-05,7.526795492504809e-05,7.710756706249931e-05,7.880800720324399e-05,8.037095554928907e-05,8.17994429078989e-05,8.309760637919305e-05,8.427045232923633e-05,8.532363469835194e-05,8.626325415784882e-05,8.709568136062682e-05,8.782740563382142e-05,8.84649089724456e-05,8.901456410235598e-05,8.948255464874433e-05,8.987481501615542e-05,9.019698739569911e-05,9.045439330452816e-05,9.065201717818253e-05,9.079449973319254e-05,9.088613905976995e-05,9.093089766570126e-05,9.093241395354053e-05,9.089401686109398e-05,9.081874262220834e-05,9.070935280692642e-05,9.056835297584619e-05,9.03980114334037e-05,9.02003776904619e-05,8.997730035025596e-05,8.973044421601423e-05,8.946130648603931e-05,8.917123195525434e-05,8.88614271834738e-05,8.853297362207379e-05,8.81868397141001e-05,8.782389199975194e-05,8.744490527091839e-05,8.705057182613526e-05,8.664150988189011e-05,8.621827119835199e-05,8.578134797796363e-05,8.533117909437155e-05,8.486815570726758e-05,8.43926263161711e-05
PD22,pathway,japan,Industrial,Coal,Coke oven coke,OVENCOKE,Final consumption,CO2e,INONSPEC,Mt,0.0,0.0,0.0,0.0,0.0,0.0,0.0,0.0,0.0,0.0,0.0,0.0,0.0,0.0,0.0,0.0,0.0,0.0,0.0,0.0,0.0,0.0,0.0,0.0,0.0,0.0,0.0,0.0,0.0,0.0,0.0,0.0,6.445034214288273e-07,1.3833721147337715e-06,2.226192452475792e-06,3.1830372093271585e-06,4.178162832304782e-06,5.26396330243506e-06,6.4454322826449116e-06,7.727023116756816e-06,9.112457877837821e-06,1.066298714722788e-05,1.233928499549379e-05,1.4143484436129168e-05,1.6076282002482875e-05,1.813679599826057e-05,2.0312959373521995e-05,2.2607915708733065e-05,2.5015380666737732e-05,2.7527228194110725e-05,3.013348618094395e-05,3.284073353585694e-05,3.561991583600092e-05,3.845593329383897e-05,4.133224864952964e-05,4.423116795929787e-05,4.720306501073435e-05,5.0167687745003704e-05,5.3105930091762045e-05,5.5999122152317426e-05,5.8829491414629646e-05,6.143915567767402e-05,6.404646734208843e-05,6.654436099926393e-05,6.892247224089851e-05,7.117267589021152e-05,7.328908211610535e-05,7.526795492504809e-05,7.710756706249931e-05,7.880800720324399e-05,8.037095554928907e-05,8.17994429078989e-05,8.309760637919305e-05,8.427045232923633e-05,8.532363469835194e-05,8.626325415784882e-05,8.709568136062682e-05,8.782740563382142e-05,8.84649089724456e-05,8.901456410235598e-05,8.948255464874433e-05,8.987481501615542e-05,9.019698739569911e-05,9.045439330452816e-05,9.065201717818253e-05,9.079449973319254e-05,9.088613905976995e-05,9.093089766570126e-05,9.093241395354053e-05,9.089401686109398e-05,9.081874262220834e-05,9.070935280692642e-05,9.056835297584619e-05,9.03980114334037e-05,9.02003776904619e-05,8.997730035025596e-05,8.973044421601423e-05,8.946130648603931e-05,8.917123195525434e-05,8.88614271834738e-05,8.853297362207379e-05,8.81868397141001e-05,8.782389199975194e-05,8.744490527091839e-05,8.705057182613526e-05,8.664150988189011e-05,8.621827119835199e-05,8.578134797796363e-05,8.533117909437155e-05,8.486815570726758e-05,8.43926263161711e-05
PD22,pathway,japan,Industrial,Coal,Coke oven coke,OVENCOKE,Final consumption,CO2e,IRONSTL,Mt,0.0,0.0,0.0,0.0,0.0,0.0,0.0,0.0,0.0,0.0,0.0,0.0,0.0,0.0,0.0,0.0,0.0,0.0,0.0,0.0,0.0,0.0,0.0,0.0,0.0,0.0,0.0,0.0,0.0,0.0,0.0,0.0,0.04036307028246977,0.08663591850299479,0.1394189067644973,0.19934285888965952,0.26166421223653114,0.3296642246979786,0.4036556325000449,0.48391733351002486,0.5706824285801435,0.667786834537635,0.7727677013791361,0.8857586125282406,1.0068031895136809,1.1358462146774695,1.2721319694793376,1.4158573257357325,1.5666287166572888,1.7239372349913538,1.8871583612090896,2.05670411011471,2.2307549014352888,2.4083650865282626,2.5884989927205826,2.7700485081350736,2.9561683727797994,3.141832671534086,3.325844855808011,3.5070356929675572,3.684292150670733,3.847726600451295,4.011013714933563,4.1674483495538,4.316381416461079,4.457304063304033,4.589847429873955,4.713777543526961,4.828986232150855,4.935479049147622,5.033361219888364,5.122822553585187,5.2041221428314595,5.277573519407797,5.343530770481235,5.402375960470094,5.454508061826951,5.500333479170534,5.540258157933527,5.574681200390786,5.603989866081849,5.628555806699731,5.648732373597955,5.664852835404281,5.677229350464699,5.686152551165706,5.6918916123658505,5.694694692530958,5.694789652511913,5.692384972428717,5.687670801341982,5.680820087046902,5.671989744332675,5.661321829437223,5.648944696296699,5.63497411668178,5.619514351590126,5.6026591654895475,5.584492778339466,5.5650907529018045,5.544520816819968,5.522843620407706,5.500113432148005,5.476378774637392,5.451683004192568,5.426064837622023,5.399558829799694,5.372195805700487,5.344003250497095,5.315005661198542,5.285224863151488
PD22,pathway,japan,Industrial,Coal,Coke oven coke,OVENCOKE,Final consumption,CO2e,MACHINE,Mt,0.0,0.0,0.0,0.0,0.0,0.0,0.0,0.0,0.0,0.0,0.0,0.0,0.0,0.0,0.0,0.0,0.0,0.0,0.0,0.0,0.0,0.0,0.0,0.0,0.0,0.0,0.0,0.0,0.0,0.0,0.0,0.0,1.035646102859767e-05,2.222926817444567e-05,3.5772463899588335e-05,5.114790661295732e-05,6.71384807360224e-05,8.45860999104987e-05,0.0001035710068065924,0.00012416476176085357,0.00014642717439318823,0.00017134247417009002,0.00019827873666409005,0.00022727023705571632,0.00025832816786969725,0.0002914383612164493,0.0003264069128771879,0.0003632843367320608,0.0004019696503957421,0.00044233227712834624,0.00048421197609297014,0.0005277144631143317,0.0005723728655771157,0.0006179445465053693,0.0006641637703244271,0.000710746214821162,0.0007585013313509894,0.0008061395576056904,0.0008533538800515157,0.000899844293953374,0.0009453252145925429,0.0009872596486689767,0.0010291562790732856,0.001069294682461073,0.001107508314191775,0.0011436666116122205,0.0011776749316154862,0.0012094732408951066,0.0012390337843705967,0.001266357986948209,0.001291472847625973,0.0013144270681427382,0.001335287127146617,0.001354133471433267,0.0013710569536043488,0.0013861556047370584,0.0013995317942157779,0.0014112897983893148,0.0014215337757873326,0.0014303661291043496,0.0014378862223952097,0.001444189415013102,0.0014493663707627513,0.0014535026005711345,0.001456678198834499,0.0014589677367626993,0.0014604402799375396,0.0014611595015003892,0.0014611838665780498,0.0014605668675392357,0.0014593572933220057,0.0014575995193192221,0.001455333807133577,0.0014525966059222228,0.0014494208490702651,0.00144583624159823,0.001441869535062713,0.001437544787793519,0.0014328836091657884,0.0014279053872685243,0.0014226274998357439,0.0014170655086819053,0.0014112333381548158,0.0014051434383078624,0.001398806933616987,0.0013922337581411062,0.0013854327780592004,0.001378411902523102,0.0013711781837495495,0.0013637379072445144,0.0013560966730119242
PD22,pathway,japan,Industrial,Coal,Coke oven coke,OVENCOKE,Final consumption,CO2e,MINING,Mt,0.0,0.0,0.0,0.0,0.0,0.0,0.0,0.0,0.0,0.0,0.0,0.0,0.0,0.0,0.0,0.0,0.0,0.0,0.0,0.0,0.0,0.0,0.0,0.0,0.0,0.0,0.0,0.0,0.0,0.0,0.0,0.0,7.308095190957688e-05,0.00015686208579898837,0.00025243041099792807,0.00036092809050653624,0.0004737664795341559,0.0005968865892227448,0.0007308546565046158,0.0008761756509344833,0.001033271622471698,0.0012090878419100306,0.0013991650988525364,0.0016037452580455677,0.0018229073001717385,0.002056551248718364,0.002303308807618972,0.002563536430920523,0.0028365215307201274,0.0031213426848812308,0.0034168691448920327,0.00372384690043771,0.004038981438551566,0.004360560577715026,0.004686709139843681,0.005015420789189543,0.005352407464938681,0.005688569297862491,0.006021739829628001,0.006349802059885642,0.006670740743945414,0.006966653445362704,0.007262299383033483,0.00754553829250364,0.00781519494211495,0.008070348009134564,0.008310329639135515,0.008534716203701624,0.00874331184754057,0.008936126625583764,0.009113351057784998,0.009275328810713858,0.00942252899470372,0.009555519287109671,0.009674940794444297,0.009781485278538055,0.009875875114730974,0.009958846134965213,0.010031133339785479,0.010093459339586663,0.010146525302431238,0.010191004136978389,0.010227535617484464,0.010256723156633089,0.010279131945053019,0.010295288198696415,0.010305679282740291,0.010310754510301307,0.01031092644384732,0.010306572555298005,0.010298037126549097,0.010285633295065483,0.010269645169119481,0.010250329954246231,0.010227920046736942,0.010202625061745917,0.0101746337731425,0.01014411594988914,0.01011122407976145,0.010076094975904006,0.010038851265277942,0.009999602760705507,0.009958447720133082,0.009915473998065243,0.0098707600949945,0.009824376111168402,0.009776384611279464,0.009726841406704085,0.009675796261807807,0.009623293530618362,0.009569372729879603
PD22,pathway,japan,Industrial,Coal,Coke oven coke,OVENCOKE,Final consumption,CO2e,NONFERR,Mt,0.0,0.0,0.0,0.0,0.0,0.0,0.0,0.0,0.0,0.0,0.0,0.0,0.0,0.0,0.0,0.0,0.0,0.0,0.0,0.0,0.0,0.0,0.0,0.0,0.0,0.0,0.0,0.0,0.0,0.0,0.0,0.0,0.0035629819044951105,0.00764763948196312,0.012306968683750696,0.01759665441810143,0.023097966698970684,0.029100553028752696,0.03563201966996543,0.042716985861121326,0.05037602818652359,0.05894775572984562,0.06821476456383208,0.07818884653973951,0.0888738522743922,0.10026490752222761,0.1122953025046034,0.12498241574883656,0.13829150581085686,0.15217764976186926,0.1665857191945277,0.1815520840202764,0.19691612386160628,0.21259436318065827,0.22849537972022504,0.244521356774617,0.26095077369348385,0.2773399763022752,0.2935833412937474,0.30957765663056047,0.3252246712612982,0.33965157147141817,0.35406546590675325,0.36787446924786593,0.3810212843602447,0.39346099316141253,0.4051610351390068,0.41610075675278724,0.42627060929212246,0.43567108297419943,0.4443114663910531,0.4522085146305228,0.45938509865399235,0.46586889495021716,0.4716911599662401,0.47688561979374083,0.48148749305258587,0.48553265442456484,0.48905693805759426,0.492095574031383,0.4946827470281684,0.49685126397387824,0.4986323163628594,0.5000553229207374,0.5011478388986443,0.5019355193799697,0.5024421253210392,0.5026895624915823,0.5026979449236278,0.5024856758478968,0.5020695403517815,0.501464805110002,0.5006853215107341,0.4997436293286185,0.49865105879073324,0.4974178294547361,0.49605314478422347,0.49456528167933617,0.4929616745148459,0.49124899346602685,0.48943321707628984,0.4875196991497157,0.4855132301450462,0.48341809331259283,0.4812381158580364,0.47897671544229947,0.4766369423385577,0.47422151756944453,0.4717328673421897,0.4691731540889194,0.46654430440527284
PD22,pathway,japan,Industrial,Coal,Coke oven coke,OVENCOKE,Final consumption,CO2e,NONMET,Mt,0.0,0.0,0.0,0.0,0.0,0.0,0.0,0.0,0.0,0.0,0.0,0.0,0.0,0.0,0.0,0.0,0.0,0.0,0.0,0.0,0.0,0.0,0.0,0.0,0.0,0.0,0.0,0.0,0.0,0.0,0.0,0.0,0.003585192459152564,0.007695312560095036,0.012383686614951595,0.017706346654890792,0.023241952457416226,0.02928195710009951,0.0358541389345739,0.04298327066825941,0.050690057153680745,0.05931521826141983,0.06863999483370425,0.07867625222863522,0.08942786506662087,0.10088992871752173,0.11299531755405412,0.12576151843603312,0.13915357335170386,0.15312627933628065,0.16762416432855226,0.18268382495902236,0.19814363959118864,0.21391961232586398,0.22991975100706086,0.24604562916924638,0.2625774621183513,0.2790688300734998,0.29541345130360475,0.3115074703786126,0.32725202377968365,0.3417688569348044,0.3562726032410628,0.3701676877444423,0.38339645613737466,0.3959137103316033,0.4076866868423511,0.41869460338143677,0.42892785171444686,0.43838692511443417,0.44708117007571513,0.4550274461322935,0.46224876681622906,0.46877298114316135,0.4746315404033975,0.4798583809269017,0.4844889408757953,0.48855931856381496,0.4921055715181484,0.4951631494321966,0.4977664500851964,0.49994848491155774,0.5017406398439963,0.5031725169956014,0.5042718433886304,0.5050644340325252,0.5055741980022476,0.5058231776214889,0.5058316123070878,0.5056180200099555,0.5051992904506569,0.504590785471758,0.5038064428068114,0.5028588803996308,0.5017594991065134,0.5005185821907565,0.4991453904875737,0.4976482524928051,0.496034648924872,0.4943112915389102,0.492484196146767,0.49055874992652315,0.4885397731991956,0.4864315759155867,0.48423800913902265,0.48196251183509414,0.4796081532914597,0.47717767149278706,0.47467350777055045,0.4720978380368254,0.4694526008970676
PD22,pathway,japan,Industrial,Coal,Coke oven coke,OVENCOKE,Final consumption,CO2e,PAPERPRO,Mt,0.0,0.0,0.0,0.0,0.0,0.0,0.0,0.0,0.0,0.0,0.0,0.0,0.0,0.0,0.0,0.0,0.0,0.0,0.0,0.0,0.0,0.0,0.0,0.0,0.0,0.0,0.0,0.0,0.0,0.0,0.0,0.0,3.4607062366015864e-05,7.4281134061111e-05,0.00011953696207040506,0.0001709154110808679,0.00022434937799458918,0.0002826521942985629,0.0003460919982192154,0.0004149079151704394,0.0004892998044710162,0.0005725565589614033,0.0006625665453325359,0.0007594442972370611,0.0008632272155207205,0.0009738679568838003,0.0010907185726328266,0.0012139478595214184,0.00134321837566695,0.0014780937869425122,0.0016180386339261117,0.0017634061757213142,0.0019126363147551556,0.0020649182573659903,0.002219364023810549,0.002375023525392072,0.002534601617896889,0.0026937891108493963,0.002851560090428228,0.003006912063354191,0.0031588907221525293,0.003299018471521682,0.0034390198964605783,0.0035731460449081776,0.003700840392705616,0.003821666652798032,0.003935308566581759,0.004041565527268907,0.004140344788717846,0.00423165111238323,0.0043155747178879635,0.004392278346549669,0.0044619841428552385,0.004524960927134976,0.004581512291672298,0.004631965816283605,0.004676663577635811,0.004715954024691987,0.004750185212711749,0.0047796993296708775,0.004804828409652583,0.004825891104662979,0.004843190376103242,0.004857011966561955,0.0048676235187945375,0.0048752742193235886,0.0048801948571116915,0.0048825982017881965,0.004882679619925128,0.0048806178611682455,0.004876575958219313,0.0048707021955148805,0.0048631311108851445,0.004853984502524615,0.004843372420353736,0.0048313941264172405,0.004818139013489836,0.004803687474682421,0.00478811171969975,0.0047714765356156544,0.004753839991718789,0.004735254089236405,0.00471576535765108,0.004695415399955652,0.004674241389604612,0.004652276522165007,0.004629550424785349,0.004606089526620342,0.004581917393297647,0.004557055028410729,0.004531521144885229
PD22,pathway,japan,Industrial,Coal,Coke oven coke,OVENCOKE,Final consumption,CO2e,TEXTILES,Mt,0.0,0.0,0.0,0.0,0.0,0.0,0.0,0.0,0.0,0.0,0.0,0.0,0.0,0.0,0.0,0.0,0.0,0.0,0.0,0.0,0.0,0.0,0.0,0.0,0.0,0.0,0.0,0.0,0.0,0.0,0.0,0.0,8.796827199082115e-07,1.888164599400129e-06,3.0385300783842292e-06,4.344527487010652e-06,5.702774449812799e-06,7.184783511493618e-06,8.797370522582021e-06,1.054661385206139e-05,1.2437593757460845e-05,1.4553911157251328e-05,1.6841890090349486e-05,1.9304441906872725e-05,2.1942517305188893e-05,2.4754912858025865e-05,2.7725158248920217e-05,3.085754415084978e-05,3.414349307203034e-05,3.7571913762141754e-05,4.11291952883704e-05,4.482431720309116e-05,4.86176231245577e-05,5.248850335276083e-05,5.641438618174304e-05,6.03711211476457e-05,6.442746343315134e-05,6.847387700315558e-05,7.248428398224605e-05,7.643320182569807e-05,8.029637283182806e-05,8.385830358445732e-05,8.741702327521653e-05,9.08263983278954e-05,9.407228236160245e-05,9.714358532254976e-05,0.00010003226818027225,0.00010273323167719823,0.00010524411828360543,0.00010756504903170784,0.00010969831722922479,0.00011164805962499132,0.00011341992294696074,0.00011502074038417479,0.00011645822899978069,0.00011774071560004799,0.00011887689548911967,0.000119875625949603,0.00012074575425649111,0.0001214959785433058,0.00012213473884007124,0.00012267013501555065,0.0001231098680963898,0.0001234612014213506,0.00012373093824650144,0.00012392541268583458,0.00012405049120268015,0.00012411158222391574,0.0001241136518051876,0.0001240612436137073,0.00012395850180505229,0.000123809195646174,0.00012361674497673254,0.00012338424580545282,0.0001231144955097115,0.00012281001724806447,0.0001224730833104379,0.00012210573722279514,0.00012170981449572672,0.00012128696196272348,0.00012083865569676861,0.00012036621752577531,0.00011987083019046148,0.00011935355120427657,0.0001188153254854921,0.00011825699683779189,0.00011767931835863071,0.00011708296185512265,0.00011646852634590783,0.00011583654572484961,0.00011518749565894202
PD22,pathway,japan,Industrial,Coal,Coke oven coke,OVENCOKE,Final consumption,CO2e,TRANSEQ,Mt,0.0,0.0,0.0,0.0,0.0,0.0,0.0,0.0,0.0,0.0,0.0,0.0,0.0,0.0,0.0,0.0,0.0,0.0,0.0,0.0,0.0,0.0,0.0,0.0,0.0,0.0,0.0,0.0,0.0,0.0,0.0,0.0,0.0013886649890056668,0.0029806520161501926,0.0047966161462545676,0.006858260459650711,0.009002385791410633,0.011341881669606396,0.01388750757920415,0.016648858818606893,0.019633955069918385,0.022974768538459867,0.026586566483413815,0.03047394475495127,0.03463840412318933,0.03907804486078101,0.04376686696646115,0.04871164368609299,0.05389883461213568,0.059310931123974814,0.06492644703637765,0.0707595574487497,0.07674766089390789,0.08285822294985104,0.08905561197678906,0.09530170411157252,0.10170503611733558,0.10809269467710433,0.11442351332056712,0.12065726536497903,0.12675565766182245,0.13237851283164437,0.13799629902705593,0.14337833014224996,0.14850227473496835,0.15335062607343958,0.15791069376384353,0.16217442813065566,0.1661381075832255,0.16980192318270987,0.17316949513906268,0.17624735371387196,0.17904441281806685,0.18157145930714746,0.18384067531811385,0.18586520552696678,0.18765877631954853,0.18923536978050842,0.19060895219650087,0.1917932544198184,0.19280159986120396,0.19364677495366614,0.19434093651902312,0.19489555044607043,0.1953213563381898,0.19562835321222938,0.1958258018528464,0.19592223998947525,0.19592550702540654,0.19584277558258203,0.19568058761485518,0.19544489327781187,0.1951410911219711,0.19477406849912965,0.19434824134236917,0.1938675927036114,0.19333570961417365,0.1927558179791408,0.19213081533103948,0.19146330135718856,0.19075560618278709,0.19000981644214435,0.1892277992068633,0.18841122386508743,0.187561582062488,0.18668020582549538,0.1857682839919087,0.18482687707479448,0.183856930683512,0.1828592876216076,0.18183469877583408
PD22,pathway,japan,Industrial,Coal,Coke oven gas,COKEOVGS,Energy industry own use and Losses,CO2e,ECOKEOVS,Mt,0.0,0.0,0.0,0.0,0.0,0.0,0.0,0.0,0.0,0.0,0.0,0.0,0.0,0.0,0.0,0.0,0.0,0.0,0.0,0.0,0.0,0.0,0.0,0.0,0.0,0.0,0.0,0.0,0.0,0.0,0.0,0.0,0.012328367466079904,0.026453516074556704,0.04255781702339134,0.06083349782673686,0.07983393766246705,0.10056289296124521,0.12311939356531365,0.14759382572649327,0.17406447530556157,0.20371061215954778,0.2357924806770728,0.270363958053347,0.30745265293125,0.34705640585393693,0.3889583703076862,0.433231116430983,0.4797643400597369,0.5284091567134956,0.5789775020265524,0.6315957452832246,0.6857019154427206,0.7409984421073832,0.7971572550413553,0.8538258536859509,0.911965402027991,0.970014845401057,1.0275921670961283,1.0843240147750073,1.1398550094293922,1.191114329467366,1.2423242318361254,1.2914023776715653,1.3381412945290536,1.3823781149572558,1.423994449251141,1.4629147238954996,1.4991032673567926,1.5325604593738142,1.5633182631534353,1.5914354382166935,1.6169926926462568,1.640087984705004,1.660832131810615,1.6793448347725617,1.695751180508032,1.7101786491177586,1.7227546219375967,1.7336043657813196,1.7428494542534794,1.7506065786169043,1.7569866970211574,1.7620944707503197,1.7660279384745332,1.7688783834070056,1.770730353076095,1.7716617965941952,1.771744289465433,1.7710433208719685,1.7696186228615753,1.7675245248474103,1.7648103202992584,1.7615206354623758,1.757695792418505,1.753372160848037,1.748582494513831,1.743356249817387,1.7377198848272455,1.7316971379927901,1.7253092863759234,1.7185753836936999,1.7115124787981735,1.7041358154512214,1.6964590144038052,1.6884942388791577,1.680252344601872,1.6717430155221489,1.6629748863656528,1.6539556531020985,1.6446921723756995
PD22,pathway,japan,Industrial,Coal,Coke oven gas,COKEOVGS,Energy industry own use and Losses,CO2e,EPOWERPLT,Mt,0.0,0.0,0.0,0.0,0.0,0.0,0.0,0.0,0.0,0.0,0.0,0.0,0.0,0.0,0.0,0.0,0.0,0.0,0.0,0.0,0.0,0.0,0.0,0.0,0.0,0.0,0.0,0.0,0.0,0.0,0.0,0.0,2.1291637635645778e-06,4.535959917745561e-06,7.247164495649354e-06,1.0290779233030462e-05,1.3499372622783961e-05,1.6997491729454396e-05,2.080152018503641e-05,2.4926356581047335e-05,2.9384834084040742e-05,3.43300843627967e-05,3.966874755884531e-05,4.5408137225270084e-05,5.155114976378801e-05,5.809571532892823e-05,6.513314749224518e-05,7.257240111301977e-05,8.039531883245372e-05,8.857724260154362e-05,9.708690321472212e-05,0.00010611972884595278,0.00011543492733605935,0.00012498311890603474,0.00013470936915888667,0.00014455418171962153,0.00015470482377472704,0.0001648742249922813,0.0001749964444273422,0.0001850065552195731,0.0001948422673514783,0.00020393010081908074,0.00021306637118635475,0.00022186155707967678,0.00023027759684682083,0.0002382839446899924,0.000245857617152251,0.0002529829713322834,0.00025965126080928916,0.00026586002199879735,0.00027161234501072145,0.0002769160800576617,0.0002817830243239365,0.0002862281262323083,0.0002902687353701355,0.000293923917854721,0.00029721384925308116,0.00030015929069003003,0.00030278114863077583,0.00030510011499823754,0.00030713638166222836,0.00030890942173847775,0.00031043782935872536,0.00031173920942022677,0.0003128301091149605,0.00031372598362393956,0.0003144411891189321,0.0003149889970498688,0.00031538162454458477,0.0003156302765623957,0.0003157451961961502,0.000315735720192908,0.0003156103373550117,0.0003153767479913185,0.000315041923016757,0.0003146121616542572,0.0003140931469842532,0.0003134899988218296,0.0003128073235882486,0.0003120492609898458,0.00031121952742967643,0.00031032145616222026,0.000309358034263919,0.00030833193653680504,0.0003072455564928974,0.0003061010345861603,0.00030490028386952233,0.000303645013258583,0.00030233674858287814,0.00030097685160141916,0.00029956653715242646
PD22,pathway,japan,Industrial,Coal,Coke oven gas,COKEOVGS,Final consumption,CO2e,CHEMICAL,Mt,0.0,0.0,0.0,0.0,0.0,0.0,0.0,0.0,0.0,0.0,0.0,0.0,0.0,0.0,0.0,0.0,0.0,0.0,0.0,0.0,0.0,0.0,0.0,0.0,0.0,0.0,0.0,0.0,0.0,0.0,0.0,0.0,0.005812646792849208,0.012383233887202527,0.019784860227172962,0.028093970942212,0.03685347568095687,0.04640338966801005,0.05678844044739606,0.06804930138190679,0.0802210071953563,0.09372160948088626,0.10829623452178094,0.1239648484200393,0.14073535839277573,0.1586021137329643,0.17781440176548047,0.19812366798537573,0.21948034254969562,0.24181710864049,0.2650486008901122,0.2897083409412192,0.31513896283834497,0.34120565909556966,0.3677584580423444,0.39463493374450187,0.42234632823498014,0.45010893550077913,0.47774273584182,0.5050704780231515,0.5319221094275824,0.5567320216397694,0.5816741672641297,0.6056851475138321,0.6286610535470449,0.6505184949094388,0.6711947264427687,0.6906470428081106,0.7088515661545988,0.725801570862241,0.7415054929742331,0.7559847636805439,0.769271589459025,0.7814067797124645,0.7924376990565115,0.8024163982575233,0.811397956895059,0.8194390531296405,0.8265967619030926,0.8329275724537967,0.838486608868176,0.8433270330239722,0.847499607160367,0.8510523928925926,0.8540305642857121,0.85647631419961,0.8584288351835931,0.8599243584812117,0.8609962370219794,0.8616750605012242,0.8619887927053925,0.8619629230842777,0.8616206261867594,0.8609829239634972,0.8600688471095436,0.8588955925914212,0.8574786752980378,0.8558320723960349,0.853968359479754,0.8518988380052727,0.8496336538048035,0.8471819067096014,0.8445517514800447,0.8417504903630169,0.838784657679737,0.8356600968994033,0.8323820306832133,0.8289551243946062,0.8253835435695112,0.8216710058290373,0.8178208276984824
PD22,pathway,japan,Industrial,Coal,Coke oven gas,COKEOVGS,Final consumption,CO2e,IRONSTL,Mt,0.0,0.0,0.0,0.0,0.0,0.0,0.0,0.0,0.0,0.0,0.0,0.0,0.0,0.0,0.0,0.0,0.0,0.0,0.0,0.0,0.0,0.0,0.0,0.0,0.0,0.0,0.0,0.0,0.0,0.0,0.0,0.0,0.03011320744818491,0.06415302773660247,0.10249815988942412,0.14554463829917896,0.19092444421920796,0.24039907277538397,0.29420024109414467,0.3525386630645375,0.4155958408393152,0.4855375475674357,0.5610433752870736,0.642216761105773,0.7290986694374713,0.8216598260257162,0.9211916977694399,1.0264066142430321,1.13704777213171,1.2527664275024728,1.3731203334553341,1.5008734714390224,1.632620267694834,1.7676623337030928,1.9052227208227528,2.044459959405842,2.1880226083520764,2.3318505720477174,2.475011233947079,2.6165863199146853,2.755694849233646,2.884225974526851,3.013442153000521,3.1378343025773825,3.256864109366831,3.3700995577759842,3.477215587976863,3.577990959151641,3.6723019688456287,3.760113774069519,3.841470078892705,3.9164819105102686,3.985316118962004,4.0481841229106665,4.105331301190987,4.157027309878934,4.203557496229305,4.2452154891630345,4.282296973180576,4.315094598466021,4.343893942848024,4.368970418666237,4.3905870066063075,4.408992696404124,4.424421518449115,4.4370920585917215,4.447207359165284,4.45495512105582,4.460508133651923,4.4640248710315875,4.46565020339462,4.4655161823031975,4.463742866660396,4.4604391635413805,4.455703664050763,4.44962545941304,4.442284926620807,4.433754476287269,4.424099257989666,4.413377820458625,4.401642725558141,4.388941116201947,4.375315239235536,4.360802924942265,4.3454380252621245,4.329250813082227,4.312268345109383,4.294514790893553,4.276011730560289,4.256778423751481,4.236832052177605
PD22,pathway,japan,Industrial,Coal,Coke oven gas,COKEOVGS,Final consumption,CO2e,MACHINE,Mt,0.0,0.0,0.0,0.0,0.0,0.0,0.0,0.0,0.0,0.0,0.0,0.0,0.0,0.0,0.0,0.0,0.0,0.0,0.0,0.0,0.0,0.0,0.0,0.0,0.0,0.0,0.0,0.0,0.0,0.0,0.0,0.0,2.561923958661647e-07,5.457910090178578e-07,8.720176752718647e-07,1.2382417135571125e-06,1.6243168675439122e-06,2.045229307582225e-06,2.502950400086217e-06,2.999272823440261e-06,3.5357407330269917e-06,4.130779751984982e-06,4.773156321755463e-06,5.4637504482444655e-06,6.202910642030613e-06,6.990387848212957e-06,7.837169405140926e-06,8.732300273501925e-06,9.673595662566022e-06,1.0658088583715611e-05,1.1682016558540954e-05,1.2768894552383984e-05,1.3889749162061348e-05,1.503863874789849e-05,1.6208953308813432e-05,1.739353392207989e-05,1.861491357928564e-05,1.9838550439462072e-05,2.105651013468526e-05,2.226098031712629e-05,2.3444465918019732e-05,2.4537962749564518e-05,2.5637287768488572e-05,2.6695571675371437e-05,2.770823468821545e-05,2.8671601372911457e-05,2.9582906236734258e-05,3.044026704195547e-05,3.1242631372345536e-05,3.198970279621666e-05,3.268185313215594e-05,3.332002695981877e-05,3.390564377965257e-05,3.444050226600429e-05,3.4926690014214715e-05,3.536650116170781e-05,3.57623633408434e-05,3.611677464143407e-05,3.6432250641427554e-05,3.6711281103893446e-05,3.695629562283156e-05,3.716963730789791e-05,3.735354350468373e-05,3.7510132528785064e-05,3.7641395427029975e-05,3.774919184963418e-05,3.7835249208130666e-05,3.790116439450702e-05,3.794840743906543e-05,3.7978326582566764e-05,3.7992154328843235e-05,3.7991014125343916e-05,3.79759273902647e-05,3.794782066603921e-05,3.790753273051417e-05,3.785582153995492e-05,3.779337091305933e-05,3.772079689341938e-05,3.7638653750330754e-05,3.754743959544762e-05,3.7447601606304645e-05,3.733954085794634e-05,3.7223616771420225e-05,3.710015119324317e-05,3.696943212360996e-05,3.683171711341394e-05,3.6687236351436994e-05,3.6536195463563464e-05,3.6378778045781194e-05,3.621514795223316e-05,3.6045451358765296e-05
PD22,pathway,japan,Industrial,Coal,Coke oven gas,COKEOVGS,Final consumption,CO2e,MINING,Mt,0.0,0.0,0.0,0.0,0.0,0.0,0.0,0.0,0.0,0.0,0.0,0.0,0.0,0.0,0.0,0.0,0.0,0.0,0.0,0.0,0.0,0.0,0.0,0.0,0.0,0.0,0.0,0.0,0.0,0.0,0.0,0.0,2.561923958661647e-07,5.457910090178578e-07,8.720176752718647e-07,1.2382417135571125e-06,1.6243168675439122e-06,2.045229307582225e-06,2.502950400086217e-06,2.999272823440261e-06,3.5357407330269917e-06,4.130779751984982e-06,4.773156321755463e-06,5.4637504482444655e-06,6.202910642030613e-06,6.990387848212957e-06,7.837169405140926e-06,8.732300273501925e-06,9.673595662566022e-06,1.0658088583715611e-05,1.1682016558540954e-05,1.2768894552383984e-05,1.3889749162061348e-05,1.503863874789849e-05,1.6208953308813432e-05,1.739353392207989e-05,1.861491357928564e-05,1.9838550439462072e-05,2.105651013468526e-05,2.226098031712629e-05,2.3444465918019732e-05,2.4537962749564518e-05,2.5637287768488572e-05,2.6695571675371437e-05,2.770823468821545e-05,2.8671601372911457e-05,2.9582906236734258e-05,3.044026704195547e-05,3.1242631372345536e-05,3.198970279621666e-05,3.268185313215594e-05,3.332002695981877e-05,3.390564377965257e-05,3.444050226600429e-05,3.4926690014214715e-05,3.536650116170781e-05,3.57623633408434e-05,3.611677464143407e-05,3.6432250641427554e-05,3.6711281103893446e-05,3.695629562283156e-05,3.716963730789791e-05,3.735354350468373e-05,3.7510132528785064e-05,3.7641395427029975e-05,3.774919184963418e-05,3.7835249208130666e-05,3.790116439450702e-05,3.794840743906543e-05,3.7978326582566764e-05,3.7992154328843235e-05,3.7991014125343916e-05,3.79759273902647e-05,3.794782066603921e-05,3.790753273051417e-05,3.785582153995492e-05,3.779337091305933e-05,3.772079689341938e-05,3.7638653750330754e-05,3.754743959544762e-05,3.7447601606304645e-05,3.733954085794634e-05,3.7223616771420225e-05,3.710015119324317e-05,3.696943212360996e-05,3.683171711341394e-05,3.6687236351436994e-05,3.6536195463563464e-05,3.6378778045781194e-05,3.621514795223316e-05,3.6045451358765296e-05
PD22,pathway,japan,Industrial,Coal,Coke oven gas,COKEOVGS,Final consumption,CO2e,NONFERR,Mt,0.0,0.0,0.0,0.0,0.0,0.0,0.0,0.0,0.0,0.0,0.0,0.0,0.0,0.0,0.0,0.0,0.0,0.0,0.0,0.0,0.0,0.0,0.0,0.0,0.0,0.0,0.0,0.0,0.0,0.0,0.0,0.0,2.561923958661647e-07,5.457910090178578e-07,8.720176752718647e-07,1.2382417135571125e-06,1.6243168675439122e-06,2.045229307582225e-06,2.502950400086217e-06,2.999272823440261e-06,3.5357407330269917e-06,4.130779751984982e-06,4.773156321755463e-06,5.4637504482444655e-06,6.202910642030613e-06,6.990387848212957e-06,7.837169405140926e-06,8.732300273501925e-06,9.673595662566022e-06,1.0658088583715611e-05,1.1682016558540954e-05,1.2768894552383984e-05,1.3889749162061348e-05,1.503863874789849e-05,1.6208953308813432e-05,1.739353392207989e-05,1.861491357928564e-05,1.9838550439462072e-05,2.105651013468526e-05,2.226098031712629e-05,2.3444465918019732e-05,2.4537962749564518e-05,2.5637287768488572e-05,2.6695571675371437e-05,2.770823468821545e-05,2.8671601372911457e-05,2.9582906236734258e-05,3.044026704195547e-05,3.1242631372345536e-05,3.198970279621666e-05,3.268185313215594e-05,3.332002695981877e-05,3.390564377965257e-05,3.444050226600429e-05,3.4926690014214715e-05,3.536650116170781e-05,3.57623633408434e-05,3.611677464143407e-05,3.6432250641427554e-05,3.6711281103893446e-05,3.695629562283156e-05,3.716963730789791e-05,3.735354350468373e-05,3.7510132528785064e-05,3.7641395427029975e-05,3.774919184963418e-05,3.7835249208130666e-05,3.790116439450702e-05,3.794840743906543e-05,3.7978326582566764e-05,3.7992154328843235e-05,3.7991014125343916e-05,3.79759273902647e-05,3.794782066603921e-05,3.790753273051417e-05,3.785582153995492e-05,3.779337091305933e-05,3.772079689341938e-05,3.7638653750330754e-05,3.754743959544762e-05,3.7447601606304645e-05,3.733954085794634e-05,3.7223616771420225e-05,3.710015119324317e-05,3.696943212360996e-05,3.683171711341394e-05,3.6687236351436994e-05,3.6536195463563464e-05,3.6378778045781194e-05,3.621514795223316e-05,3.6045451358765296e-05
PD22,pathway,japan,Industrial,Coal,Coke oven gas,COKEOVGS,Final consumption,CO2e,NONMET,Mt,0.0,0.0,0.0,0.0,0.0,0.0,0.0,0.0,0.0,0.0,0.0,0.0,0.0,0.0,0.0,0.0,0.0,0.0,0.0,0.0,0.0,0.0,0.0,0.0,0.0,0.0,0.0,0.0,0.0,0.0,0.0,0.0,0.0011065513456923193,0.002357391496549177,0.003766436270589507,0.005348238497854374,0.007015782063064718,0.008833795534418237,0.010810793677355407,0.012954519464386915,0.015271642442478917,0.017841746933446506,0.020616312725368235,0.02359914075744149,0.02679173632356252,0.030193023700797128,0.0338504596217897,0.037716726860544975,0.04178238882502798,0.04603463043836496,0.05045720072818287,0.05515166600543735,0.05999288376473347,0.06495519075656193,0.07001003693138846,0.07512650132627924,0.08040190889141341,0.08568706581298835,0.09094770180958621,0.09615007363143616,0.10126180842687567,0.10598486192097022,0.11073308863913986,0.11530404976125486,0.11967796420085727,0.1238389569490666,0.12777508323411782,0.13147821325698142,0.13494380140032525,0.13817056731044502,0.14116011695365568,0.14391653017739092,0.14644593811651518,0.14875610964142108,0.1508560615358653,0.1527557026843215,0.15446551856527374,0.1559962989784521,0.15735890925869156,0.15856410324068662,0.15962237487567588,0.1605438445699823,0.1613381759116542,0.16201451837199207,0.16258147172047577,0.16304706819569595,0.16341876886826687,0.16370347106615887,0.16390752417380072,0.1640367515397865,0.16409647661944154,0.1640915518295692,0.16402638890017163,0.16390498977195173,0.16373097731104447,0.16350762529738608,0.163237887294441,0.16292442413007435,0.16256962981536874,0.16217565580419302,0.1617444335547431,0.1612776953984129,0.16077699375381516,0.16024371874689466,0.15967911431388163,0.15908429287377127,0.15846024866257713,0.15780786982375197,0.1571279493487767,0.15642119495975917,0.15568823802235124
PD22,pathway,japan,Industrial,Coal,Coking coal,COKCOAL,Final consumption,CO2e,CHEMICAL,Mt,0.0,0.0,0.0,0.0,0.0,0.0,0.0,0.0,0.0,0.0,0.0,0.0,0.0,0.0,0.0,0.0,0.0,0.0,0.0,0.0,0.0,0.0,0.0,0.0,0.0,0.0,0.0,0.0,0.0,0.0,0.0,0.0,5.698133053006166e-07,1.2230560939608954e-06,1.9682037944318564e-06,2.814161869180837e-06,3.6939645227666618e-06,4.6539339103771575e-06,5.698484990076716e-06,6.8315550172448126e-06,8.05643472190148e-06,9.427276487175294e-06,1.0909311781062746e-05,1.2504426426708602e-05,1.4213236237709144e-05,1.6034961695658413e-05,1.7958934175095142e-05,1.9987932953702313e-05,2.211640197264849e-05,2.4337156889372676e-05,2.6641381240348567e-05,2.903489151861744e-05,3.1492000355941015e-05,3.399935784670249e-05,3.6542343198556105e-05,3.910531298083718e-05,4.173280327117262e-05,4.435386224932103e-05,4.695159800636158e-05,4.9509504258030165e-05,5.201186811050433e-05,5.431910399166319e-05,5.6624259911790324e-05,5.883267804233988e-05,6.093519508400933e-05,6.292462746928979e-05,6.479576792694921e-05,6.654531341971541e-05,6.817173686086389e-05,6.967511664884937e-05,7.105693827067985e-05,7.23198812998807e-05,7.346760339693143e-05,7.450453075089491e-05,7.543566207910367e-05,7.626639105918222e-05,7.700235006275978e-05,7.764927638279912e-05,7.821290082984441e-05,7.869885760825116e-05,7.911261373617955e-05,7.945941589278787e-05,7.97442524077863e-05,7.997182809914359e-05,8.014654976687912e-05,8.027252032485993e-05,8.035353976686203e-05,8.039311139416204e-05,8.039445196266292e-05,8.03605046267242e-05,8.029395375757857e-05,8.01972408928527e-05,8.007258122911258e-05,7.992198020186905e-05,7.974724980857657e-05,7.955002442181507e-05,7.933177591434528e-05,7.90938279773768e-05,7.88373695604398e-05,7.856346739772542e-05,7.827307761353439e-05,7.796705642012962e-05,7.764616993622928e-05,7.731110316475586e-05,7.696246817525602e-05,7.660081154043742e-05,7.622662107816914e-05,7.584033195061083e-05,7.544233217128549e-05,7.503296756922908e-05,7.461254625710079e-05
PD22,pathway,japan,Industrial,Coal,Coking coal,COKCOAL,Final consumption,CO2e,INONSPEC,Mt,0.0,0.0,0.0,0.0,0.0,0.0,0.0,0.0,0.0,0.0,0.0,0.0,0.0,0.0,0.0,0.0,0.0,0.0,0.0,0.0,0.0,0.0,0.0,0.0,0.0,0.0,0.0,0.0,0.0,0.0,0.0,0.0,5.698133053006166e-07,1.2230560939608954e-06,1.9682037944318564e-06,2.814161869180837e-06,3.6939645227666618e-06,4.6539339103771575e-06,5.698484990076716e-06,6.8315550172448126e-06,8.05643472190148e-06,9.427276487175294e-06,1.0909311781062746e-05,1.2504426426708602e-05,1.4213236237709144e-05,1.6034961695658413e-05,1.7958934175095142e-05,1.9987932953702313e-05,2.211640197264849e-05,2.4337156889372676e-05,2.6641381240348567e-05,2.903489151861744e-05,3.1492000355941015e-05,3.399935784670249e-05,3.6542343198556105e-05,3.910531298083718e-05,4.173280327117262e-05,4.435386224932103e-05,4.695159800636158e-05,4.9509504258030165e-05,5.201186811050433e-05,5.431910399166319e-05,5.6624259911790324e-05,5.883267804233988e-05,6.093519508400933e-05,6.292462746928979e-05,6.479576792694921e-05,6.654531341971541e-05,6.817173686086389e-05,6.967511664884937e-05,7.105693827067985e-05,7.23198812998807e-05,7.346760339693143e-05,7.450453075089491e-05,7.543566207910367e-05,7.626639105918222e-05,7.700235006275978e-05,7.764927638279912e-05,7.821290082984441e-05,7.869885760825116e-05,7.911261373617955e-05,7.945941589278787e-05,7.97442524077863e-05,7.997182809914359e-05,8.014654976687912e-05,8.027252032485993e-05,8.035353976686203e-05,8.039311139416204e-05,8.039445196266292e-05,8.03605046267242e-05,8.029395375757857e-05,8.01972408928527e-05,8.007258122911258e-05,7.992198020186905e-05,7.974724980857657e-05,7.955002442181507e-05,7.933177591434528e-05,7.90938279773768e-05,7.88373695604398e-05,7.856346739772542e-05,7.827307761353439e-05,7.796705642012962e-05,7.764616993622928e-05,7.731110316475586e-05,7.696246817525602e-05,7.660081154043742e-05,7.622662107816914e-05,7.584033195061083e-05,7.544233217128549e-05,7.503296756922908e-05,7.461254625710079e-05
PD22,pathway,japan,Industrial,Coal,Coking coal,COKCOAL,Final consumption,CO2e,IRONSTL,Mt,0.0,0.0,0.0,0.0,0.0,0.0,0.0,0.0,0.0,0.0,0.0,0.0,0.0,0.0,0.0,0.0,0.0,0.0,0.0,0.0,0.0,0.0,0.0,0.0,0.0,0.0,0.0,0.0,0.0,0.0,0.0,0.0,4.4636325270724225e-05,9.580809912042732e-05,0.00015417924423681995,0.00022044737002228053,0.00028936671089092696,0.00036456591286939625,0.00044639082169765747,0.0005351498622758726,0.0006311008139401521,0.0007384857036228766,0.0008545809383695485,0.000979534244136218,0.0011133938606809465,0.0012560987244294016,0.0014068131086060797,0.0015657547279282714,0.0017324883485274204,0.0019064511849290078,0.002086952599462704,0.002274448227110898,0.002466925847882639,0.0026633396969214396,0.0028625444544588927,0.003063314692353881,0.0032691391442473063,0.003474459799300562,0.0036779534298283342,0.003878327016052794,0.004074349688436358,0.004255087011186936,0.004435661400190097,0.004608657834446695,0.004773358506905872,0.004929200692806817,0.005075776480557567,0.005212827126733408,0.0053402330069957735,0.005458000262687617,0.00556624525943371,0.005665177901626157,0.005755084712098625,0.005836312416371355,0.0059092525889665876,0.005974327743621041,0.006031979092166289,0.006082656065446571,0.006126807586505864,0.006164875010742356,0.006197286597023627,0.006224453343961541,0.006246766012363942,0.006264593154146415,0.006278279975988478,0.006288147879647906,0.006294494537637139,0.006297594381061687,0.006297699394495203,0.006295040129934444,0.006289826867599921,0.006282250865341619,0.006272485650582538,0.006260688319113414,0.006247000813754849,0.006231551163082885,0.0062144546662502385,0.006195815014607813,0.006175725344517053,0.006154269218600822,0.0061315215348562175,0.006107549364670854,0.006082412721954519,0.0060561652664111515,0.0060288549445086815,0.006000524572020166,0.00597121236215838,0.005940952403351099,0.005909775090637649,0.005877707514535561,0.005844773811049991
PD22,pathway,japan,Industrial,Coal,Coking coal,COKCOAL,Final consumption,CO2e,NONMET,Mt,0.0,0.0,0.0,0.0,0.0,0.0,0.0,0.0,0.0,0.0,0.0,0.0,0.0,0.0,0.0,0.0,0.0,0.0,0.0,0.0,0.0,0.0,0.0,0.0,0.0,0.0,0.0,0.0,0.0,0.0,0.0,0.0,5.698133053006166e-07,1.2230560939608954e-06,1.9682037944318564e-06,2.814161869180837e-06,3.6939645227666618e-06,4.6539339103771575e-06,5.698484990076716e-06,6.8315550172448126e-06,8.05643472190148e-06,9.427276487175294e-06,1.0909311781062746e-05,1.2504426426708602e-05,1.4213236237709144e-05,1.6034961695658413e-05,1.7958934175095142e-05,1.9987932953702313e-05,2.211640197264849e-05,2.4337156889372676e-05,2.6641381240348567e-05,2.903489151861744e-05,3.1492000355941015e-05,3.399935784670249e-05,3.6542343198556105e-05,3.910531298083718e-05,4.173280327117262e-05,4.435386224932103e-05,4.695159800636158e-05,4.9509504258030165e-05,5.201186811050433e-05,5.431910399166319e-05,5.6624259911790324e-05,5.883267804233988e-05,6.093519508400933e-05,6.292462746928979e-05,6.479576792694921e-05,6.654531341971541e-05,6.817173686086389e-05,6.967511664884937e-05,7.105693827067985e-05,7.23198812998807e-05,7.346760339693143e-05,7.450453075089491e-05,7.543566207910367e-05,7.626639105918222e-05,7.700235006275978e-05,7.764927638279912e-05,7.821290082984441e-05,7.869885760825116e-05,7.911261373617955e-05,7.945941589278787e-05,7.97442524077863e-05,7.997182809914359e-05,8.014654976687912e-05,8.027252032485993e-05,8.035353976686203e-05,8.039311139416204e-05,8.039445196266292e-05,8.03605046267242e-05,8.029395375757857e-05,8.01972408928527e-05,8.007258122911258e-05,7.992198020186905e-05,7.974724980857657e-05,7.955002442181507e-05,7.933177591434528e-05,7.90938279773768e-05,7.88373695604398e-05,7.856346739772542e-05,7.827307761353439e-05,7.796705642012962e-05,7.764616993622928e-05,7.731110316475586e-05,7.696246817525602e-05,7.660081154043742e-05,7.622662107816914e-05,7.584033195061083e-05,7.544233217128549e-05,7.503296756922908e-05,7.461254625710079e-05
PD22,pathway,japan,Industrial,Coal,Gas coke,GASCOKE,Energy industry own use and Losses,CO2e,EGASWKS,Mt,0.0,0.0,0.0,0.0,0.0,0.0,0.0,0.0,0.0,0.0,0.0,0.0,0.0,0.0,0.0,0.0,0.0,0.0,0.0,0.0,0.0,0.0,0.0,0.0,0.0,0.0,0.0,0.0,0.0,0.0,0.0,0.0,6.445034214288273e-07,1.3833721147337986e-06,2.226192452475792e-06,3.1830372093271856e-06,4.178162832304782e-06,5.263963302435073e-06,6.445432282644898e-06,7.727023116756816e-06,9.112457877837821e-06,1.066298714722788e-05,1.233928499549379e-05,1.4143484436129181e-05,1.6076282002482875e-05,1.813679599826057e-05,2.031295937352201e-05,2.2607915708733065e-05,2.5015380666737732e-05,2.7527228194110725e-05,3.013348618094395e-05,3.284073353585694e-05,3.5619915836000935e-05,3.8455933293838964e-05,4.133224864952963e-05,4.423116795929787e-05,4.7203065010734347e-05,5.0167687745003704e-05,5.3105930091762045e-05,5.5999122152317426e-05,5.8829491414629646e-05,6.143915567767402e-05,6.404646734208843e-05,6.654436099926393e-05,6.892247224089851e-05,7.117267589021152e-05,7.328908211610535e-05,7.526795492504809e-05,7.710756706249931e-05,7.880800720324399e-05,8.037095554928909e-05,8.17994429078989e-05,8.309760637919305e-05,8.427045232923633e-05,8.532363469835192e-05,8.626325415784882e-05,8.709568136062682e-05,8.782740563382142e-05,8.84649089724456e-05,8.901456410235598e-05,8.948255464874433e-05,8.987481501615544e-05,9.019698739569911e-05,9.045439330452816e-05,9.065201717818251e-05,9.079449973319254e-05,9.088613905976996e-05,9.093089766570126e-05,9.093241395354053e-05,9.089401686109398e-05,9.081874262220835e-05,9.070935280692642e-05,9.056835297584619e-05,9.03980114334037e-05,9.02003776904619e-05,8.997730035025596e-05,8.973044421601424e-05,8.946130648603931e-05,8.917123195525432e-05,8.88614271834738e-05,8.853297362207379e-05,8.818683971410012e-05,8.782389199975194e-05,8.744490527091838e-05,8.705057182613526e-05,8.664150988189011e-05,8.621827119835199e-05,8.578134797796363e-05,8.533117909437155e-05,8.48681557072676e-05,8.43926263161711e-05
PD22,pathway,japan,Industrial,Coal,Gas coke,GASCOKE,Final consumption,CO2e,IRONSTL,Mt,0.0,0.0,0.0,0.0,0.0,0.0,0.0,0.0,0.0,0.0,0.0,0.0,0.0,0.0,0.0,0.0,0.0,0.0,0.0,0.0,0.0,0.0,0.0,0.0,0.0,0.0,0.0,0.0,0.0,0.0,0.0,0.0,6.445034214288273e-07,1.3833721147337715e-06,2.226192452475792e-06,3.1830372093271585e-06,4.178162832304782e-06,5.26396330243506e-06,6.4454322826449116e-06,7.727023116756816e-06,9.112457877837821e-06,1.066298714722788e-05,1.233928499549379e-05,1.4143484436129168e-05,1.6076282002482875e-05,1.813679599826057e-05,2.0312959373521995e-05,2.2607915708733065e-05,2.5015380666737732e-05,2.7527228194110725e-05,3.013348618094395e-05,3.284073353585694e-05,3.561991583600092e-05,3.845593329383897e-05,4.133224864952964e-05,4.423116795929787e-05,4.720306501073435e-05,5.0167687745003704e-05,5.3105930091762045e-05,5.5999122152317426e-05,5.8829491414629646e-05,6.143915567767402e-05,6.404646734208843e-05,6.654436099926393e-05,6.892247224089851e-05,7.117267589021152e-05,7.328908211610535e-05,7.526795492504809e-05,7.710756706249931e-05,7.880800720324399e-05,8.037095554928907e-05,8.17994429078989e-05,8.309760637919305e-05,8.427045232923633e-05,8.532363469835194e-05,8.626325415784882e-05,8.709568136062682e-05,8.782740563382142e-05,8.84649089724456e-05,8.901456410235598e-05,8.948255464874433e-05,8.987481501615542e-05,9.019698739569911e-05,9.045439330452816e-05,9.065201717818253e-05,9.079449973319254e-05,9.088613905976995e-05,9.093089766570126e-05,9.093241395354053e-05,9.089401686109398e-05,9.081874262220834e-05,9.070935280692642e-05,9.056835297584619e-05,9.03980114334037e-05,9.02003776904619e-05,8.997730035025596e-05,8.973044421601423e-05,8.946130648603931e-05,8.917123195525434e-05,8.88614271834738e-05,8.853297362207379e-05,8.81868397141001e-05,8.782389199975194e-05,8.744490527091839e-05,8.705057182613526e-05,8.664150988189011e-05,8.621827119835199e-05,8.578134797796363e-05,8.533117909437155e-05,8.486815570726758e-05,8.43926263161711e-05
PD22,pathway,japan,Industrial,Coal,Gas works gas,GASWKSGS,Energy industry own use and Losses,CO2e,DISTLOSS,Mt,0.0,0.0,0.0,0.0,0.0,0.0,0.0,0.0,0.0,0.0,0.0,0.0,0.0,0.0,0.0,0.0,0.0,0.0,0.0,0.0,0.0,0.0,0.0,0.0,0.0,0.0,0.0,0.0,0.0,0.0,0.0,0.0,2.561923958661647e-07,5.457910090178578e-07,8.720176752718647e-07,1.2382417135571125e-06,1.6243168675439122e-06,2.045229307582225e-06,2.502950400086217e-06,2.999272823440261e-06,3.5357407330269917e-06,4.130779751984982e-06,4.773156321755463e-06,5.4637504482444655e-06,6.202910642030613e-06,6.990387848212957e-06,7.837169405140926e-06,8.732300273501925e-06,9.673595662566022e-06,1.0658088583715611e-05,1.1682016558540954e-05,1.2768894552383984e-05,1.3889749162061348e-05,1.503863874789849e-05,1.6208953308813432e-05,1.739353392207989e-05,1.861491357928564e-05,1.9838550439462072e-05,2.105651013468526e-05,2.226098031712629e-05,2.3444465918019732e-05,2.4537962749564518e-05,2.5637287768488572e-05,2.6695571675371437e-05,2.770823468821545e-05,2.8671601372911457e-05,2.9582906236734258e-05,3.044026704195547e-05,3.1242631372345536e-05,3.198970279621666e-05,3.268185313215594e-05,3.332002695981877e-05,3.390564377965257e-05,3.444050226600429e-05,3.4926690014214715e-05,3.536650116170781e-05,3.57623633408434e-05,3.611677464143407e-05,3.6432250641427554e-05,3.6711281103893446e-05,3.695629562283156e-05,3.716963730789791e-05,3.735354350468373e-05,3.7510132528785064e-05,3.7641395427029975e-05,3.774919184963418e-05,3.7835249208130666e-05,3.790116439450702e-05,3.794840743906543e-05,3.7978326582566764e-05,3.7992154328843235e-05,3.7991014125343916e-05,3.79759273902647e-05,3.794782066603921e-05,3.790753273051417e-05,3.785582153995492e-05,3.779337091305933e-05,3.772079689341938e-05,3.7638653750330754e-05,3.754743959544762e-05,3.7447601606304645e-05,3.733954085794634e-05,3.7223616771420225e-05,3.710015119324317e-05,3.696943212360996e-05,3.683171711341394e-05,3.6687236351436994e-05,3.6536195463563464e-05,3.6378778045781194e-05,3.621514795223316e-05,3.6045451358765296e-05
PD22,pathway,japan,Industrial,Coal,Gas works gas,GASWKSGS,Energy industry own use and Losses,CO2e,EGASWKS,Mt,0.0,0.0,0.0,0.0,0.0,0.0,0.0,0.0,0.0,0.0,0.0,0.0,0.0,0.0,0.0,0.0,0.0,0.0,0.0,0.0,0.0,0.0,0.0,0.0,0.0,0.0,0.0,0.0,0.0,0.0,0.0,0.0,2.561923958661647e-07,5.457910090178578e-07,8.720176752718647e-07,1.2382417135571125e-06,1.6243168675439122e-06,2.045229307582232e-06,2.5029504000862102e-06,2.999272823440261e-06,3.5357407330269985e-06,4.130779751984975e-06,4.773156321755463e-06,5.463750448244472e-06,6.202910642030613e-06,6.99038784821295e-06,7.837169405140926e-06,8.732300273501915e-06,9.673595662566025e-06,1.0658088583715611e-05,1.168201655854095e-05,1.2768894552383984e-05,1.3889749162061344e-05,1.5038638747898487e-05,1.6208953308813435e-05,1.7393533922079893e-05,1.861491357928564e-05,1.9838550439462072e-05,2.105651013468526e-05,2.226098031712629e-05,2.3444465918019732e-05,2.453796274956452e-05,2.563728776848857e-05,2.6695571675371434e-05,2.770823468821545e-05,2.867160137291146e-05,2.9582906236734258e-05,3.044026704195547e-05,3.1242631372345536e-05,3.198970279621666e-05,3.268185313215594e-05,3.332002695981877e-05,3.390564377965257e-05,3.444050226600429e-05,3.4926690014214715e-05,3.536650116170781e-05,3.5762363340843395e-05,3.611677464143407e-05,3.643225064142755e-05,3.671128110389345e-05,3.695629562283157e-05,3.716963730789791e-05,3.735354350468373e-05,3.7510132528785064e-05,3.7641395427029975e-05,3.774919184963418e-05,3.7835249208130666e-05,3.790116439450702e-05,3.794840743906542e-05,3.7978326582566764e-05,3.7992154328843235e-05,3.7991014125343916e-05,3.79759273902647e-05,3.794782066603921e-05,3.790753273051417e-05,3.785582153995493e-05,3.779337091305933e-05,3.772079689341938e-05,3.7638653750330754e-05,3.754743959544762e-05,3.7447601606304645e-05,3.733954085794634e-05,3.722361677142022e-05,3.710015119324317e-05,3.696943212360996e-05,3.683171711341394e-05,3.668723635143699e-05,3.6536195463563464e-05,3.6378778045781194e-05,3.621514795223316e-05,3.6045451358765296e-05
PD22,pathway,japan,Industrial,Coal,Gas works gas,GASWKSGS,Energy industry own use and Losses,CO2e,EREFINER,Mt,0.0,0.0,0.0,0.0,0.0,0.0,0.0,0.0,0.0,0.0,0.0,0.0,0.0,0.0,0.0,0.0,0.0,0.0,0.0,0.0,0.0,0.0,0.0,0.0,0.0,0.0,0.0,0.0,0.0,0.0,0.0,0.0,2.561923958661647e-07,5.457910090178578e-07,8.720176752718647e-07,1.2382417135571125e-06,1.6243168675439122e-06,2.045229307582225e-06,2.502950400086217e-06,2.999272823440261e-06,3.5357407330269917e-06,4.130779751984982e-06,4.773156321755463e-06,5.4637504482444655e-06,6.202910642030613e-06,6.990387848212957e-06,7.837169405140926e-06,8.732300273501925e-06,9.673595662566022e-06,1.0658088583715611e-05,1.1682016558540954e-05,1.2768894552383984e-05,1.3889749162061348e-05,1.503863874789849e-05,1.6208953308813432e-05,1.739353392207989e-05,1.861491357928564e-05,1.9838550439462072e-05,2.105651013468526e-05,2.226098031712629e-05,2.3444465918019732e-05,2.4537962749564518e-05,2.5637287768488572e-05,2.6695571675371437e-05,2.770823468821545e-05,2.8671601372911457e-05,2.9582906236734258e-05,3.044026704195547e-05,3.1242631372345536e-05,3.198970279621666e-05,3.268185313215594e-05,3.332002695981877e-05,3.390564377965257e-05,3.444050226600429e-05,3.4926690014214715e-05,3.536650116170781e-05,3.57623633408434e-05,3.611677464143407e-05,3.6432250641427554e-05,3.6711281103893446e-05,3.695629562283156e-05,3.716963730789791e-05,3.735354350468373e-05,3.7510132528785064e-05,3.7641395427029975e-05,3.774919184963418e-05,3.7835249208130666e-05,3.790116439450702e-05,3.794840743906543e-05,3.7978326582566764e-05,3.7992154328843235e-05,3.7991014125343916e-05,3.79759273902647e-05,3.794782066603921e-05,3.790753273051417e-05,3.785582153995492e-05,3.779337091305933e-05,3.772079689341938e-05,3.7638653750330754e-05,3.754743959544762e-05,3.7447601606304645e-05,3.733954085794634e-05,3.7223616771420225e-05,3.710015119324317e-05,3.696943212360996e-05,3.683171711341394e-05,3.6687236351436994e-05,3.6536195463563464e-05,3.6378778045781194e-05,3.621514795223316e-05,3.6045451358765296e-05
PD22,pathway,japan,Industrial,Coal,Gas works gas,GASWKSGS,Final consumption,CO2e,CHEMICAL,Mt,0.0,0.0,0.0,0.0,0.0,0.0,0.0,0.0,0.0,0.0,0.0,0.0,0.0,0.0,0.0,0.0,0.0,0.0,0.0,0.0,0.0,0.0,0.0,0.0,0.0,0.0,0.0,0.0,0.0,0.0,0.0,0.0,2.561923958661647e-07,5.457910090178578e-07,8.720176752718647e-07,1.2382417135571125e-06,1.6243168675439122e-06,2.045229307582225e-06,2.502950400086217e-06,2.999272823440261e-06,3.5357407330269917e-06,4.130779751984982e-06,4.773156321755463e-06,5.4637504482444655e-06,6.202910642030613e-06,6.990387848212957e-06,7.837169405140926e-06,8.732300273501925e-06,9.673595662566022e-06,1.0658088583715611e-05,1.1682016558540954e-05,1.2768894552383984e-05,1.3889749162061348e-05,1.503863874789849e-05,1.6208953308813432e-05,1.739353392207989e-05,1.861491357928564e-05,1.9838550439462072e-05,2.105651013468526e-05,2.226098031712629e-05,2.3444465918019732e-05,2.4537962749564518e-05,2.5637287768488572e-05,2.6695571675371437e-05,2.770823468821545e-05,2.8671601372911457e-05,2.9582906236734258e-05,3.044026704195547e-05,3.1242631372345536e-05,3.198970279621666e-05,3.268185313215594e-05,3.332002695981877e-05,3.390564377965257e-05,3.444050226600429e-05,3.4926690014214715e-05,3.536650116170781e-05,3.57623633408434e-05,3.611677464143407e-05,3.6432250641427554e-05,3.6711281103893446e-05,3.695629562283156e-05,3.716963730789791e-05,3.735354350468373e-05,3.7510132528785064e-05,3.7641395427029975e-05,3.774919184963418e-05,3.7835249208130666e-05,3.790116439450702e-05,3.794840743906543e-05,3.7978326582566764e-05,3.7992154328843235e-05,3.7991014125343916e-05,3.79759273902647e-05,3.794782066603921e-05,3.790753273051417e-05,3.785582153995492e-05,3.779337091305933e-05,3.772079689341938e-05,3.7638653750330754e-05,3.754743959544762e-05,3.7447601606304645e-05,3.733954085794634e-05,3.7223616771420225e-05,3.710015119324317e-05,3.696943212360996e-05,3.683171711341394e-05,3.6687236351436994e-05,3.6536195463563464e-05,3.6378778045781194e-05,3.621514795223316e-05,3.6045451358765296e-05
PD22,pathway,japan,Industrial,Coal,Gas works gas,GASWKSGS,Final consumption,CO2e,FOODPRO,Mt,0.0,0.0,0.0,0.0,0.0,0.0,0.0,0.0,0.0,0.0,0.0,0.0,0.0,0.0,0.0,0.0,0.0,0.0,0.0,0.0,0.0,0.0,0.0,0.0,0.0,0.0,0.0,0.0,0.0,0.0,0.0,0.0,2.561923958661647e-07,5.457910090178578e-07,8.720176752718647e-07,1.2382417135571125e-06,1.6243168675439122e-06,2.045229307582225e-06,2.502950400086217e-06,2.999272823440261e-06,3.5357407330269917e-06,4.130779751984982e-06,4.773156321755463e-06,5.4637504482444655e-06,6.202910642030613e-06,6.990387848212957e-06,7.837169405140926e-06,8.732300273501925e-06,9.673595662566022e-06,1.0658088583715611e-05,1.1682016558540954e-05,1.2768894552383984e-05,1.3889749162061348e-05,1.503863874789849e-05,1.6208953308813432e-05,1.739353392207989e-05,1.861491357928564e-05,1.9838550439462072e-05,2.105651013468526e-05,2.226098031712629e-05,2.3444465918019732e-05,2.4537962749564518e-05,2.5637287768488572e-05,2.6695571675371437e-05,2.770823468821545e-05,2.8671601372911457e-05,2.9582906236734258e-05,3.044026704195547e-05,3.1242631372345536e-05,3.198970279621666e-05,3.268185313215594e-05,3.332002695981877e-05,3.390564377965257e-05,3.444050226600429e-05,3.4926690014214715e-05,3.536650116170781e-05,3.57623633408434e-05,3.611677464143407e-05,3.6432250641427554e-05,3.6711281103893446e-05,3.695629562283156e-05,3.716963730789791e-05,3.735354350468373e-05,3.7510132528785064e-05,3.7641395427029975e-05,3.774919184963418e-05,3.7835249208130666e-05,3.790116439450702e-05,3.794840743906543e-05,3.7978326582566764e-05,3.7992154328843235e-05,3.7991014125343916e-05,3.79759273902647e-05,3.794782066603921e-05,3.790753273051417e-05,3.785582153995492e-05,3.779337091305933e-05,3.772079689341938e-05,3.7638653750330754e-05,3.754743959544762e-05,3.7447601606304645e-05,3.733954085794634e-05,3.7223616771420225e-05,3.710015119324317e-05,3.696943212360996e-05,3.683171711341394e-05,3.6687236351436994e-05,3.6536195463563464e-05,3.6378778045781194e-05,3.621514795223316e-05,3.6045451358765296e-05
PD22,pathway,japan,Industrial,Coal,Gas works gas,GASWKSGS,Final consumption,CO2e,INONSPEC,Mt,0.0,0.0,0.0,0.0,0.0,0.0,0.0,0.0,0.0,0.0,0.0,0.0,0.0,0.0,0.0,0.0,0.0,0.0,0.0,0.0,0.0,0.0,0.0,0.0,0.0,0.0,0.0,0.0,0.0,0.0,0.0,0.0,2.561923958661647e-07,5.457910090178578e-07,8.720176752718647e-07,1.2382417135571125e-06,1.6243168675439122e-06,2.045229307582225e-06,2.502950400086217e-06,2.999272823440261e-06,3.5357407330269917e-06,4.130779751984982e-06,4.773156321755463e-06,5.4637504482444655e-06,6.202910642030613e-06,6.990387848212957e-06,7.837169405140926e-06,8.732300273501925e-06,9.673595662566022e-06,1.0658088583715611e-05,1.1682016558540954e-05,1.2768894552383984e-05,1.3889749162061348e-05,1.503863874789849e-05,1.6208953308813432e-05,1.739353392207989e-05,1.861491357928564e-05,1.9838550439462072e-05,2.105651013468526e-05,2.226098031712629e-05,2.3444465918019732e-05,2.4537962749564518e-05,2.5637287768488572e-05,2.6695571675371437e-05,2.770823468821545e-05,2.8671601372911457e-05,2.9582906236734258e-05,3.044026704195547e-05,3.1242631372345536e-05,3.198970279621666e-05,3.268185313215594e-05,3.332002695981877e-05,3.390564377965257e-05,3.444050226600429e-05,3.4926690014214715e-05,3.536650116170781e-05,3.57623633408434e-05,3.611677464143407e-05,3.6432250641427554e-05,3.6711281103893446e-05,3.695629562283156e-05,3.716963730789791e-05,3.735354350468373e-05,3.7510132528785064e-05,3.7641395427029975e-05,3.774919184963418e-05,3.7835249208130666e-05,3.790116439450702e-05,3.794840743906543e-05,3.7978326582566764e-05,3.7992154328843235e-05,3.7991014125343916e-05,3.79759273902647e-05,3.794782066603921e-05,3.790753273051417e-05,3.785582153995492e-05,3.779337091305933e-05,3.772079689341938e-05,3.7638653750330754e-05,3.754743959544762e-05,3.7447601606304645e-05,3.733954085794634e-05,3.7223616771420225e-05,3.710015119324317e-05,3.696943212360996e-05,3.683171711341394e-05,3.6687236351436994e-05,3.6536195463563464e-05,3.6378778045781194e-05,3.621514795223316e-05,3.6045451358765296e-05
PD22,pathway,japan,Industrial,Coal,Gas works gas,GASWKSGS,Final consumption,CO2e,IRONSTL,Mt,0.0,0.0,0.0,0.0,0.0,0.0,0.0,0.0,0.0,0.0,0.0,0.0,0.0,0.0,0.0,0.0,0.0,0.0,0.0,0.0,0.0,0.0,0.0,0.0,0.0,0.0,0.0,0.0,0.0,0.0,0.0,0.0,2.561923958661647e-07,5.457910090178578e-07,8.720176752718647e-07,1.2382417135571125e-06,1.6243168675439122e-06,2.045229307582225e-06,2.502950400086217e-06,2.999272823440261e-06,3.5357407330269917e-06,4.130779751984982e-06,4.773156321755463e-06,5.4637504482444655e-06,6.202910642030613e-06,6.990387848212957e-06,7.837169405140926e-06,8.732300273501925e-06,9.673595662566022e-06,1.0658088583715611e-05,1.1682016558540954e-05,1.2768894552383984e-05,1.3889749162061348e-05,1.503863874789849e-05,1.6208953308813432e-05,1.739353392207989e-05,1.861491357928564e-05,1.9838550439462072e-05,2.105651013468526e-05,2.226098031712629e-05,2.3444465918019732e-05,2.4537962749564518e-05,2.5637287768488572e-05,2.6695571675371437e-05,2.770823468821545e-05,2.8671601372911457e-05,2.9582906236734258e-05,3.044026704195547e-05,3.1242631372345536e-05,3.198970279621666e-05,3.268185313215594e-05,3.332002695981877e-05,3.390564377965257e-05,3.444050226600429e-05,3.4926690014214715e-05,3.536650116170781e-05,3.57623633408434e-05,3.611677464143407e-05,3.6432250641427554e-05,3.6711281103893446e-05,3.695629562283156e-05,3.716963730789791e-05,3.735354350468373e-05,3.7510132528785064e-05,3.7641395427029975e-05,3.774919184963418e-05,3.7835249208130666e-05,3.790116439450702e-05,3.794840743906543e-05,3.7978326582566764e-05,3.7992154328843235e-05,3.7991014125343916e-05,3.79759273902647e-05,3.794782066603921e-05,3.790753273051417e-05,3.785582153995492e-05,3.779337091305933e-05,3.772079689341938e-05,3.7638653750330754e-05,3.754743959544762e-05,3.7447601606304645e-05,3.733954085794634e-05,3.7223616771420225e-05,3.710015119324317e-05,3.696943212360996e-05,3.683171711341394e-05,3.6687236351436994e-05,3.6536195463563464e-05,3.6378778045781194e-05,3.621514795223316e-05,3.6045451358765296e-05
PD22,pathway,japan,Industrial,Coal,Gas works gas,GASWKSGS,Final consumption,CO2e,MACHINE,Mt,0.0,0.0,0.0,0.0,0.0,0.0,0.0,0.0,0.0,0.0,0.0,0.0,0.0,0.0,0.0,0.0,0.0,0.0,0.0,0.0,0.0,0.0,0.0,0.0,0.0,0.0,0.0,0.0,0.0,0.0,0.0,0.0,2.561923958661647e-07,5.457910090178578e-07,8.720176752718647e-07,1.2382417135571125e-06,1.6243168675439122e-06,2.045229307582225e-06,2.502950400086217e-06,2.999272823440261e-06,3.5357407330269917e-06,4.130779751984982e-06,4.773156321755463e-06,5.4637504482444655e-06,6.202910642030613e-06,6.990387848212957e-06,7.837169405140926e-06,8.732300273501925e-06,9.673595662566022e-06,1.0658088583715611e-05,1.1682016558540954e-05,1.2768894552383984e-05,1.3889749162061348e-05,1.503863874789849e-05,1.6208953308813432e-05,1.739353392207989e-05,1.861491357928564e-05,1.9838550439462072e-05,2.105651013468526e-05,2.226098031712629e-05,2.3444465918019732e-05,2.4537962749564518e-05,2.5637287768488572e-05,2.6695571675371437e-05,2.770823468821545e-05,2.8671601372911457e-05,2.9582906236734258e-05,3.044026704195547e-05,3.1242631372345536e-05,3.198970279621666e-05,3.268185313215594e-05,3.332002695981877e-05,3.390564377965257e-05,3.444050226600429e-05,3.4926690014214715e-05,3.536650116170781e-05,3.57623633408434e-05,3.611677464143407e-05,3.6432250641427554e-05,3.6711281103893446e-05,3.695629562283156e-05,3.716963730789791e-05,3.735354350468373e-05,3.7510132528785064e-05,3.7641395427029975e-05,3.774919184963418e-05,3.7835249208130666e-05,3.790116439450702e-05,3.794840743906543e-05,3.7978326582566764e-05,3.7992154328843235e-05,3.7991014125343916e-05,3.79759273902647e-05,3.794782066603921e-05,3.790753273051417e-05,3.785582153995492e-05,3.779337091305933e-05,3.772079689341938e-05,3.7638653750330754e-05,3.754743959544762e-05,3.7447601606304645e-05,3.733954085794634e-05,3.7223616771420225e-05,3.710015119324317e-05,3.696943212360996e-05,3.683171711341394e-05,3.6687236351436994e-05,3.6536195463563464e-05,3.6378778045781194e-05,3.621514795223316e-05,3.6045451358765296e-05
PD22,pathway,japan,Industrial,Coal,Gas works gas,GASWKSGS,Final consumption,CO2e,NONFERR,Mt,0.0,0.0,0.0,0.0,0.0,0.0,0.0,0.0,0.0,0.0,0.0,0.0,0.0,0.0,0.0,0.0,0.0,0.0,0.0,0.0,0.0,0.0,0.0,0.0,0.0,0.0,0.0,0.0,0.0,0.0,0.0,0.0,2.561923958661647e-07,5.457910090178578e-07,8.720176752718647e-07,1.2382417135571125e-06,1.6243168675439122e-06,2.045229307582225e-06,2.502950400086217e-06,2.999272823440261e-06,3.5357407330269917e-06,4.130779751984982e-06,4.773156321755463e-06,5.4637504482444655e-06,6.202910642030613e-06,6.990387848212957e-06,7.837169405140926e-06,8.732300273501925e-06,9.673595662566022e-06,1.0658088583715611e-05,1.1682016558540954e-05,1.2768894552383984e-05,1.3889749162061348e-05,1.503863874789849e-05,1.6208953308813432e-05,1.739353392207989e-05,1.861491357928564e-05,1.9838550439462072e-05,2.105651013468526e-05,2.226098031712629e-05,2.3444465918019732e-05,2.4537962749564518e-05,2.5637287768488572e-05,2.6695571675371437e-05,2.770823468821545e-05,2.8671601372911457e-05,2.9582906236734258e-05,3.044026704195547e-05,3.1242631372345536e-05,3.198970279621666e-05,3.268185313215594e-05,3.332002695981877e-05,3.390564377965257e-05,3.444050226600429e-05,3.4926690014214715e-05,3.536650116170781e-05,3.57623633408434e-05,3.611677464143407e-05,3.6432250641427554e-05,3.6711281103893446e-05,3.695629562283156e-05,3.716963730789791e-05,3.735354350468373e-05,3.7510132528785064e-05,3.7641395427029975e-05,3.774919184963418e-05,3.7835249208130666e-05,3.790116439450702e-05,3.794840743906543e-05,3.7978326582566764e-05,3.7992154328843235e-05,3.7991014125343916e-05,3.79759273902647e-05,3.794782066603921e-05,3.790753273051417e-05,3.785582153995492e-05,3.779337091305933e-05,3.772079689341938e-05,3.7638653750330754e-05,3.754743959544762e-05,3.7447601606304645e-05,3.733954085794634e-05,3.7223616771420225e-05,3.710015119324317e-05,3.696943212360996e-05,3.683171711341394e-05,3.6687236351436994e-05,3.6536195463563464e-05,3.6378778045781194e-05,3.621514795223316e-05,3.6045451358765296e-05
PD22,pathway,japan,Industrial,Coal,Gas works gas,GASWKSGS,Final consumption,CO2e,NONMET,Mt,0.0,0.0,0.0,0.0,0.0,0.0,0.0,0.0,0.0,0.0,0.0,0.0,0.0,0.0,0.0,0.0,0.0,0.0,0.0,0.0,0.0,0.0,0.0,0.0,0.0,0.0,0.0,0.0,0.0,0.0,0.0,0.0,2.561923958661647e-07,5.457910090178578e-07,8.720176752718647e-07,1.2382417135571125e-06,1.6243168675439122e-06,2.045229307582225e-06,2.502950400086217e-06,2.999272823440261e-06,3.5357407330269917e-06,4.130779751984982e-06,4.773156321755463e-06,5.4637504482444655e-06,6.202910642030613e-06,6.990387848212957e-06,7.837169405140926e-06,8.732300273501925e-06,9.673595662566022e-06,1.0658088583715611e-05,1.1682016558540954e-05,1.2768894552383984e-05,1.3889749162061348e-05,1.503863874789849e-05,1.6208953308813432e-05,1.739353392207989e-05,1.861491357928564e-05,1.9838550439462072e-05,2.105651013468526e-05,2.226098031712629e-05,2.3444465918019732e-05,2.4537962749564518e-05,2.5637287768488572e-05,2.6695571675371437e-05,2.770823468821545e-05,2.8671601372911457e-05,2.9582906236734258e-05,3.044026704195547e-05,3.1242631372345536e-05,3.198970279621666e-05,3.268185313215594e-05,3.332002695981877e-05,3.390564377965257e-05,3.444050226600429e-05,3.4926690014214715e-05,3.536650116170781e-05,3.57623633408434e-05,3.611677464143407e-05,3.6432250641427554e-05,3.6711281103893446e-05,3.695629562283156e-05,3.716963730789791e-05,3.735354350468373e-05,3.7510132528785064e-05,3.7641395427029975e-05,3.774919184963418e-05,3.7835249208130666e-05,3.790116439450702e-05,3.794840743906543e-05,3.7978326582566764e-05,3.7992154328843235e-05,3.7991014125343916e-05,3.79759273902647e-05,3.794782066603921e-05,3.790753273051417e-05,3.785582153995492e-05,3.779337091305933e-05,3.772079689341938e-05,3.7638653750330754e-05,3.754743959544762e-05,3.7447601606304645e-05,3.733954085794634e-05,3.7223616771420225e-05,3.710015119324317e-05,3.696943212360996e-05,3.683171711341394e-05,3.6687236351436994e-05,3.6536195463563464e-05,3.6378778045781194e-05,3.621514795223316e-05,3.6045451358765296e-05
PD22,pathway,japan,Industrial,Coal,Gas works gas,GASWKSGS,Final consumption,CO2e,ONONSPEC,Mt,0.0,0.0,0.0,0.0,0.0,0.0,0.0,0.0,0.0,0.0,0.0,0.0,0.0,0.0,0.0,0.0,0.0,0.0,0.0,0.0,0.0,0.0,0.0,0.0,0.0,0.0,0.0,0.0,0.0,0.0,0.0,0.0,2.5696731132756706e-07,5.482271703980142e-07,8.771245855361813e-07,1.2471639451088891e-06,1.640456068491469e-06,2.0711222917344725e-06,2.54144118890266e-06,3.0535295357471463e-06,3.6092684906995206e-06,4.217894425963365e-06,4.875204743431854e-06,5.582134074016722e-06,6.33907414591387e-06,7.145805490694828e-06,8.010091006981342e-06,8.923518193444547e-06,9.883836200147543e-06,1.088799700941264e-05,1.1932142423554789e-05,1.3029196645140337e-05,1.4158899955286365e-05,1.5315151055273736e-05,1.649119349774356e-05,1.76797392555426e-05,1.889731228815894e-05,2.0114535664287314e-05,2.1323442779207466e-05,2.2516226254026608e-05,2.3685432774706863e-05,2.477429504057129e-05,2.5858702710922026e-05,2.6900020963606878e-05,2.7893801667177864e-05,2.8836518115783312e-05,2.9725565953050176e-05,3.0559231891471625e-05,3.133663596838498e-05,3.205765384064617e-05,3.272282572929758e-05,3.333325821083397e-05,3.389052426878872e-05,3.439656602453473e-05,3.485360349671786e-05,3.5264051701953584e-05,3.563044747920985e-05,3.595538663908978e-05,3.624147142335188e-05,3.649126780642461e-05,3.67072718636647e-05,3.689188424804668e-05,3.704739173277323e-05,3.717595476755168e-05,3.727960003910325e-05,3.7360217103468966e-05,3.7419558254217933e-05,3.745924089564525e-05,3.7480751795538685e-05,3.748545269273048e-05,3.747458682713138e-05,3.744928604252156e-05,3.7410578184392476e-05,3.735939457672782e-05,3.7296577413373615e-05,3.7222886942476546e-05,3.713900835737795e-05,3.7045558335389555e-05,3.69430911880689e-05,3.6832104603891876e-05,3.671304497743833e-05,3.658631232909955e-05,3.6452264826531326e-05,3.631122292414813e-05,3.616347314033633e-05,3.6009271494134236e-05,3.58488466241888e-05,3.568240261310135e-05,3.551012154001239e-05,3.533216578361393e-05,3.514868009683455e-05
PD22,pathway,japan,Industrial,Coal,Gas works gas,GASWKSGS,Final consumption,CO2e,PAPERPRO,Mt,0.0,0.0,0.0,0.0,0.0,0.0,0.0,0.0,0.0,0.0,0.0,0.0,0.0,0.0,0.0,0.0,0.0,0.0,0.0,0.0,0.0,0.0,0.0,0.0,0.0,0.0,0.0,0.0,0.0,0.0,0.0,0.0,2.561923958661647e-07,5.457910090178578e-07,8.720176752718647e-07,1.2382417135571125e-06,1.6243168675439122e-06,2.045229307582225e-06,2.502950400086217e-06,2.999272823440261e-06,3.5357407330269917e-06,4.130779751984982e-06,4.773156321755463e-06,5.4637504482444655e-06,6.202910642030613e-06,6.990387848212957e-06,7.837169405140926e-06,8.732300273501925e-06,9.673595662566022e-06,1.0658088583715611e-05,1.1682016558540954e-05,1.2768894552383984e-05,1.3889749162061348e-05,1.503863874789849e-05,1.6208953308813432e-05,1.739353392207989e-05,1.861491357928564e-05,1.9838550439462072e-05,2.105651013468526e-05,2.226098031712629e-05,2.3444465918019732e-05,2.4537962749564518e-05,2.5637287768488572e-05,2.6695571675371437e-05,2.770823468821545e-05,2.8671601372911457e-05,2.9582906236734258e-05,3.044026704195547e-05,3.1242631372345536e-05,3.198970279621666e-05,3.268185313215594e-05,3.332002695981877e-05,3.390564377965257e-05,3.444050226600429e-05,3.4926690014214715e-05,3.536650116170781e-05,3.57623633408434e-05,3.611677464143407e-05,3.6432250641427554e-05,3.6711281103893446e-05,3.695629562283156e-05,3.716963730789791e-05,3.735354350468373e-05,3.7510132528785064e-05,3.7641395427029975e-05,3.774919184963418e-05,3.7835249208130666e-05,3.790116439450702e-05,3.794840743906543e-05,3.7978326582566764e-05,3.7992154328843235e-05,3.7991014125343916e-05,3.79759273902647e-05,3.794782066603921e-05,3.790753273051417e-05,3.785582153995492e-05,3.779337091305933e-05,3.772079689341938e-05,3.7638653750330754e-05,3.754743959544762e-05,3.7447601606304645e-05,3.733954085794634e-05,3.7223616771420225e-05,3.710015119324317e-05,3.696943212360996e-05,3.683171711341394e-05,3.6687236351436994e-05,3.6536195463563464e-05,3.6378778045781194e-05,3.621514795223316e-05,3.6045451358765296e-05
PD22,pathway,japan,Industrial,Coal,Gas works gas,GASWKSGS,Final consumption,CO2e,TEXTILES,Mt,0.0,0.0,0.0,0.0,0.0,0.0,0.0,0.0,0.0,0.0,0.0,0.0,0.0,0.0,0.0,0.0,0.0,0.0,0.0,0.0,0.0,0.0,0.0,0.0,0.0,0.0,0.0,0.0,0.0,0.0,0.0,0.0,2.561923958661647e-07,5.457910090178578e-07,8.720176752718647e-07,1.2382417135571125e-06,1.6243168675439122e-06,2.045229307582225e-06,2.502950400086217e-06,2.999272823440261e-06,3.5357407330269917e-06,4.130779751984982e-06,4.773156321755463e-06,5.4637504482444655e-06,6.202910642030613e-06,6.990387848212957e-06,7.837169405140926e-06,8.732300273501925e-06,9.673595662566022e-06,1.0658088583715611e-05,1.1682016558540954e-05,1.2768894552383984e-05,1.3889749162061348e-05,1.503863874789849e-05,1.6208953308813432e-05,1.739353392207989e-05,1.861491357928564e-05,1.9838550439462072e-05,2.105651013468526e-05,2.226098031712629e-05,2.3444465918019732e-05,2.4537962749564518e-05,2.5637287768488572e-05,2.6695571675371437e-05,2.770823468821545e-05,2.8671601372911457e-05,2.9582906236734258e-05,3.044026704195547e-05,3.1242631372345536e-05,3.198970279621666e-05,3.268185313215594e-05,3.332002695981877e-05,3.390564377965257e-05,3.444050226600429e-05,3.4926690014214715e-05,3.536650116170781e-05,3.57623633408434e-05,3.611677464143407e-05,3.6432250641427554e-05,3.6711281103893446e-05,3.695629562283156e-05,3.716963730789791e-05,3.735354350468373e-05,3.7510132528785064e-05,3.7641395427029975e-05,3.774919184963418e-05,3.7835249208130666e-05,3.790116439450702e-05,3.794840743906543e-05,3.7978326582566764e-05,3.7992154328843235e-05,3.7991014125343916e-05,3.79759273902647e-05,3.794782066603921e-05,3.790753273051417e-05,3.785582153995492e-05,3.779337091305933e-05,3.772079689341938e-05,3.7638653750330754e-05,3.754743959544762e-05,3.7447601606304645e-05,3.733954085794634e-05,3.7223616771420225e-05,3.710015119324317e-05,3.696943212360996e-05,3.683171711341394e-05,3.6687236351436994e-05,3.6536195463563464e-05,3.6378778045781194e-05,3.621514795223316e-05,3.6045451358765296e-05
PD22,pathway,japan,Industrial,Coal,Lignite,LIGNITE,Final consumption,CO2e,CHEMICAL,Mt,0.0,0.0,0.0,0.0,0.0,0.0,0.0,0.0,0.0,0.0,0.0,0.0,0.0,0.0,0.0,0.0,0.0,0.0,0.0,0.0,0.0,0.0,0.0,0.0,0.0,0.0,0.0,0.0,0.0,0.0,0.0,0.0,6.083630426571124e-07,1.3057998466178546e-06,2.1013592308416327e-06,3.00454914151442e-06,3.94387332768957e-06,4.968787790148976e-06,6.084006173337711e-06,7.293732100863913e-06,8.601478931417021e-06,1.0065062634299202e-05,1.1647362472382003e-05,1.3350391850925676e-05,1.5174808245334295e-05,1.711977940022727e-05,1.91739149226703e-05,2.1340182117589153e-05,2.3612649040565518e-05,2.598364530472136e-05,2.844375798388166e-05,3.099919707590235e-05,3.362253737790742e-05,3.629952581941809e-05,3.9014552463574714e-05,4.1750915550365276e-05,4.4556164169010924e-05,4.735454637612499e-05,5.012802746979409e-05,5.285898446153326e-05,5.5530641428762554e-05,5.799396937799137e-05,6.045507665000869e-05,6.281290150397811e-05,6.505766071337149e-05,6.718168471879775e-05,6.917941396006205e-05,7.104732193859679e-05,7.278377825525637e-05,7.438886661240789e-05,7.586417299512333e-05,7.721255825885783e-05,7.84379275168084e-05,7.954500640423242e-05,8.05391318180705e-05,8.142606233591337e-05,8.221181137778792e-05,8.290250438332676e-05,8.350425987118697e-05,8.40230932181117e-05,8.446484130395491e-05,8.483510576291307e-05,8.513921240154775e-05,8.538218433418079e-05,8.556872649529379e-05,8.570321937432192e-05,8.578972004707257e-05,8.583196882463389e-05,8.583340008698685e-05,8.579715610252798e-05,8.572610284900039e-05,8.562284704205203e-05,8.548975374355574e-05,8.53289640633063e-05,8.514241258632384e-05,8.493184425584909e-05,8.469883052165828e-05,8.444478462700907e-05,8.417097595776343e-05,8.38785434161762e-05,8.356850781149022e-05,8.324178328153375e-05,8.289918777546677e-05,8.254145263890426e-05,8.216923134990337e-05,8.178310745860656e-05,8.138360178536029e-05,8.097117893247034e-05,8.054625316384603e-05,8.010919370499089e-05,7.966032951339515e-05
PD22,pathway,japan,Industrial,Coal,Lignite,LIGNITE,Final consumption,CO2e,INONSPEC,Mt,0.0,0.0,0.0,0.0,0.0,0.0,0.0,0.0,0.0,0.0,0.0,0.0,0.0,0.0,0.0,0.0,0.0,0.0,0.0,0.0,0.0,0.0,0.0,0.0,0.0,0.0,0.0,0.0,0.0,0.0,0.0,0.0,6.083630426571124e-07,1.3057998466178546e-06,2.1013592308416327e-06,3.00454914151442e-06,3.94387332768957e-06,4.968787790148976e-06,6.084006173337711e-06,7.293732100863913e-06,8.601478931417021e-06,1.0065062634299202e-05,1.1647362472382003e-05,1.3350391850925676e-05,1.5174808245334295e-05,1.711977940022727e-05,1.91739149226703e-05,2.1340182117589153e-05,2.3612649040565518e-05,2.598364530472136e-05,2.844375798388166e-05,3.099919707590235e-05,3.362253737790742e-05,3.629952581941809e-05,3.9014552463574714e-05,4.1750915550365276e-05,4.4556164169010924e-05,4.735454637612499e-05,5.012802746979409e-05,5.285898446153326e-05,5.5530641428762554e-05,5.799396937799137e-05,6.045507665000869e-05,6.281290150397811e-05,6.505766071337149e-05,6.718168471879775e-05,6.917941396006205e-05,7.104732193859679e-05,7.278377825525637e-05,7.438886661240789e-05,7.586417299512333e-05,7.721255825885783e-05,7.84379275168084e-05,7.954500640423242e-05,8.05391318180705e-05,8.142606233591337e-05,8.221181137778792e-05,8.290250438332676e-05,8.350425987118697e-05,8.40230932181117e-05,8.446484130395491e-05,8.483510576291307e-05,8.513921240154775e-05,8.538218433418079e-05,8.556872649529379e-05,8.570321937432192e-05,8.578972004707257e-05,8.583196882463389e-05,8.583340008698685e-05,8.579715610252798e-05,8.572610284900039e-05,8.562284704205203e-05,8.548975374355574e-05,8.53289640633063e-05,8.514241258632384e-05,8.493184425584909e-05,8.469883052165828e-05,8.444478462700907e-05,8.417097595776343e-05,8.38785434161762e-05,8.356850781149022e-05,8.324178328153375e-05,8.289918777546677e-05,8.254145263890426e-05,8.216923134990337e-05,8.178310745860656e-05,8.138360178536029e-05,8.097117893247034e-05,8.054625316384603e-05,8.010919370499089e-05,7.966032951339515e-05
PD22,pathway,japan,Industrial,Coal,Other bituminous coal,BITCOAL,Energy industry own use and Losses,CO2e,EMINES,Mt,0.0,0.0,0.0,0.0,0.0,0.0,0.0,0.0,0.0,0.0,0.0,0.0,0.0,0.0,0.0,0.0,0.0,0.0,0.0,0.0,0.0,0.0,0.0,0.0,0.0,0.0,0.0,0.0,0.0,0.0,0.0,0.0,5.698133053006166e-07,1.223056093960909e-06,1.9682037944318564e-06,2.8141618691808506e-06,3.6939645227666618e-06,4.653933910377171e-06,5.698484990076703e-06,6.8315550172448126e-06,8.05643472190148e-06,9.427276487175294e-06,1.0909311781062746e-05,1.2504426426708615e-05,1.4213236237709144e-05,1.60349616956584e-05,1.7958934175095156e-05,1.9987932953702313e-05,2.211640197264849e-05,2.4337156889372676e-05,2.6641381240348567e-05,2.903489151861744e-05,3.149200035594102e-05,3.399935784670248e-05,3.65423431985561e-05,3.910531298083718e-05,4.173280327117261e-05,4.435386224932103e-05,4.695159800636158e-05,4.9509504258030165e-05,5.201186811050433e-05,5.431910399166319e-05,5.6624259911790324e-05,5.883267804233988e-05,6.093519508400934e-05,6.292462746928979e-05,6.479576792694921e-05,6.65453134197154e-05,6.817173686086389e-05,6.967511664884937e-05,7.105693827067987e-05,7.23198812998807e-05,7.346760339693143e-05,7.450453075089491e-05,7.543566207910366e-05,7.626639105918222e-05,7.700235006275978e-05,7.764927638279912e-05,7.821290082984441e-05,7.869885760825115e-05,7.911261373617955e-05,7.945941589278789e-05,7.97442524077863e-05,7.997182809914359e-05,8.014654976687912e-05,8.027252032485993e-05,8.035353976686203e-05,8.039311139416204e-05,8.039445196266292e-05,8.036050462672422e-05,8.029395375757857e-05,8.01972408928527e-05,8.007258122911258e-05,7.992198020186905e-05,7.974724980857657e-05,7.955002442181507e-05,7.933177591434528e-05,7.90938279773768e-05,7.88373695604398e-05,7.856346739772542e-05,7.827307761353439e-05,7.796705642012963e-05,7.764616993622928e-05,7.731110316475586e-05,7.696246817525602e-05,7.660081154043742e-05,7.622662107816914e-05,7.584033195061083e-05,7.544233217128549e-05,7.503296756922908e-05,7.461254625710079e-05
PD22,pathway,japan,Industrial,Coal,Other bituminous coal,BITCOAL,Energy industry own use and Losses,CO2e,EPOWERPLT,Mt,0.0,0.0,0.0,0.0,0.0,0.0,0.0,0.0,0.0,0.0,0.0,0.0,0.0,0.0,0.0,0.0,0.0,0.0,0.0,0.0,0.0,0.0,0.0,0.0,0.0,0.0,0.0,0.0,0.0,0.0,0.0,0.0,0.007001624066767187,0.015028394217585284,0.02418445292028837,0.0345792267181968,0.04538986833721337,0.05718556476116299,0.07002056512103272,0.08394324873995518,0.09899405071182943,0.11583837253826879,0.13404899325377884,0.15364908505281982,0.17464621479151088,0.19703080407850693,0.22067176137190547,0.24560323725634847,0.2717569612389076,0.29904465516722745,0.32735798607920485,0.35676842457281055,0.3869603351688521,0.4177696798928099,0.4490168046534042,0.4805094896136983,0.5127949751944606,0.5450014355405182,0.5769213100439772,0.6083517764890676,0.6390997615050512,0.6674500968218233,0.6957748744601729,0.7229109791957116,0.7487458162955134,0.7731911171307355,0.7961828969624442,0.8176805694704483,0.8376653704611722,0.8561382632615557,0.8731175009055128,0.8886360088553109,0.9027387308906123,0.9154800541441467,0.92692140073304,0.9371290458788663,0.9461721977738261,0.9541213538389394,0.9610469318420165,0.9670181624950221,0.9721022221969055,0.9763635799144734,0.979863530126157,0.9826598836384319,0.9848067893396907,0.986354662094254,0.9873501946129246,0.9878364339749885,0.9878529063117902,0.9874357758550246,0.986618027019152,0.98542966038234,0.9838978953398629,0.9820473738321703,0.9799003609149711,0.9774769390649,0.9747951940297779,0.9718713907654135,0.9687201385790439,0.9653545450476876,0.9617863586209728,0.9580261000718094,0.9540831831418656,0.9499660248563383,0.9456821460660538,0.9412382628244788,0.9366403692305583,0.9318938123722277,0.9270033599949842,0.9219732614992523,0.9168073028426248
PD22,pathway,japan,Industrial,Coal,Other bituminous coal,BITCOAL,Energy industry own use and Losses,CO2e,EREFINER,Mt,0.0,0.0,0.0,0.0,0.0,0.0,0.0,0.0,0.0,0.0,0.0,0.0,0.0,0.0,0.0,0.0,0.0,0.0,0.0,0.0,0.0,0.0,0.0,0.0,0.0,0.0,0.0,0.0,0.0,0.0,0.0,0.0,0.0027964178854025246,0.006002274612029956,0.00965916422390789,0.013810791201590789,0.018128513959598413,0.022839663278122424,0.027965906021694853,0.03352656467938425,0.039537788850012134,0.04626533696938445,0.05353857886119706,0.061366769398092935,0.06975293074915556,0.07869323734697148,0.08813533180575345,0.09809285371894139,0.10853853615165704,0.11943712119776584,0.13074534114824515,0.14249174104586565,0.15455025746721746,0.16685537436610115,0.17933533868790383,0.19191337867441463,0.20480805974497884,0.21767117848405823,0.2304198360969327,0.24297302628187462,0.2552536363830231,0.26657663573017104,0.2778894274528638,0.288727468441496,0.29904578885450606,0.3088091345894083,0.31799195042263734,0.3265780263562551,0.3345598680538021,0.3419378602638248,0.3487192931678602,0.3549173170508554,0.36054988226091333,0.3656387107798558,0.3702083343313589,0.3742852229476897,0.37789701807669523,0.38107187607854764,0.3838379215002775,0.38622280478402654,0.38825335588834564,0.38995532343528466,0.39135318817018605,0.39247003947512105,0.39332750417817014,0.39394571775460785,0.3943433290679493,0.3945375309325018,0.3945441099114369,0.39437750983997893,0.3940509045483216,0.39357627613555524,0.3929644959085435,0.3922254057500193,0.39136789822539475,0.39039999418759,0.3893289170048118,0.3881611628289379,0.38690256655308175,0.3855583632859067,0.38413324530656867,0.3826314145655369,0.3810566308698676,0.3794122559424376,0.3777012935780188,0.3759264261388535,0.37409004764172094,0.3721942936900461,0.37024106850042987,0.36823206926472885,0.36616880807776925
PD22,pathway,japan,Industrial,Coal,Other bituminous coal,BITCOAL,Final consumption,CO2e,CHEMICAL,Mt,0.0,0.0,0.0,0.0,0.0,0.0,0.0,0.0,0.0,0.0,0.0,0.0,0.0,0.0,0.0,0.0,0.0,0.0,0.0,0.0,0.0,0.0,0.0,0.0,0.0,0.0,0.0,0.0,0.0,0.0,0.0,0.0,0.057549064586611465,0.12352420255836272,0.19878140126197152,0.28422007991060383,0.37307693752288884,0.4700303427432555,0.575526190226018,0.68996212839747,0.8136705089817475,0.9521205250728038,1.1018006818086459,1.262901440445538,1.4354849959095946,1.619472619686273,1.8137868195338065,2.0187082923565844,2.2336758964867007,2.4579640395411504,2.690682290875058,2.9324180950612106,3.1805771216407432,3.4338110788601703,3.6906433200438364,3.9494939157774898,4.214860847389298,4.4795782399380775,4.741940072261395,5.000279269880011,5.253008887854206,5.486031292747518,5.718843629166406,5.941885801834155,6.1542323509580825,6.355157762432638,6.544136120864708,6.720833831542593,6.8850966642794535,7.036932537033139,7.176491478570922,7.304044116041092,7.419959859805284,7.5246857388076815,7.618726605258548,7.702627200916433,7.776956374763364,7.842293572453197,7.899217584939163,7.94829744630196,7.990085305426619,8.02511105776299,8.053878506409388,8.076862820812776,8.094509071694699,8.107231638384196,8.115414306386464,8.119410896346897,8.119546288873751,8.116117731817772,8.109396336878184,8.099628690446112,8.087038519291475,8.071828365083025,8.05418123295169,8.034262188564213,8.012219885698569,7.988188012336775,7.962286648042903,7.934623529077742,7.905295220506771,7.874388196644224,7.841979832685068,7.808139311424904,7.772928449654497,7.73640244922288,7.698610577954779,7.659596785640417,7.619400260229753,7.57805592919349,7.535594910785901
PD22,pathway,japan,Industrial,Coal,Other bituminous coal,BITCOAL,Final consumption,CO2e,FISHING,Mt,0.0,0.0,0.0,0.0,0.0,0.0,0.0,0.0,0.0,0.0,0.0,0.0,0.0,0.0,0.0,0.0,0.0,0.0,0.0,0.0,0.0,0.0,0.0,0.0,0.0,0.0,0.0,0.0,0.0,0.0,0.0,0.0,5.698133053006166e-07,1.2230560939608954e-06,1.9682037944318564e-06,2.814161869180837e-06,3.6939645227666618e-06,4.6539339103771575e-06,5.698484990076716e-06,6.8315550172448126e-06,8.05643472190148e-06,9.427276487175294e-06,1.0909311781062746e-05,1.2504426426708602e-05,1.4213236237709144e-05,1.6034961695658413e-05,1.7958934175095142e-05,1.9987932953702313e-05,2.211640197264849e-05,2.4337156889372676e-05,2.6641381240348567e-05,2.903489151861744e-05,3.1492000355941015e-05,3.399935784670249e-05,3.6542343198556105e-05,3.910531298083718e-05,4.173280327117262e-05,4.435386224932103e-05,4.695159800636158e-05,4.9509504258030165e-05,5.201186811050433e-05,5.431910399166319e-05,5.6624259911790324e-05,5.883267804233988e-05,6.093519508400933e-05,6.292462746928979e-05,6.479576792694921e-05,6.654531341971541e-05,6.817173686086389e-05,6.967511664884937e-05,7.105693827067985e-05,7.23198812998807e-05,7.346760339693143e-05,7.450453075089491e-05,7.543566207910367e-05,7.626639105918222e-05,7.700235006275978e-05,7.764927638279912e-05,7.821290082984441e-05,7.869885760825116e-05,7.911261373617955e-05,7.945941589278787e-05,7.97442524077863e-05,7.997182809914359e-05,8.014654976687912e-05,8.027252032485993e-05,8.035353976686203e-05,8.039311139416204e-05,8.039445196266292e-05,8.03605046267242e-05,8.029395375757857e-05,8.01972408928527e-05,8.007258122911258e-05,7.992198020186905e-05,7.974724980857657e-05,7.955002442181507e-05,7.933177591434528e-05,7.90938279773768e-05,7.88373695604398e-05,7.856346739772542e-05,7.827307761353439e-05,7.796705642012962e-05,7.764616993622928e-05,7.731110316475586e-05,7.696246817525602e-05,7.660081154043742e-05,7.622662107816914e-05,7.584033195061083e-05,7.544233217128549e-05,7.503296756922908e-05,7.461254625710079e-05
PD22,pathway,japan,Industrial,Coal,Other bituminous coal,BITCOAL,Final consumption,CO2e,FOODPRO,Mt,0.0,0.0,0.0,0.0,0.0,0.0,0.0,0.0,0.0,0.0,0.0,0.0,0.0,0.0,0.0,0.0,0.0,0.0,0.0,0.0,0.0,0.0,0.0,0.0,0.0,0.0,0.0,0.0,0.0,0.0,0.0,0.0,1.62060032347245e-05,3.4784816062732524e-05,5.597748729705733e-05,8.00372963051855e-05,0.00010505967559555412,0.00013236206895164563,0.00016207004175427262,0.00019429557308995845,0.00022913225428212785,0.0002681202278441044,0.0003102706454340275,0.00035563714155937686,0.00040423723051306306,0.00045604874209005187,0.0005107682509804645,0.0005684748023429525,0.000629010376863899,0.0006921706453749596,0.0007577048597186295,0.000825778446191847,0.0008956608329232828,0.0009669723365822811,0.0010392971286758148,0.0011121902959566928,0.0011869184845550939,0.0012614637608467155,0.0013353457037391298,0.0014080948596522109,0.0014792643397440438,0.0015448842047164945,0.0016104449137252386,0.001673254312934386,0.001733051789864803,0.0017896330373913263,0.0018428499560335715,0.001892608604438786,0.0019388655508861458,0.001981623025098262,0.0020209232756625817,0.00205684251206178,0.0020894847614517896,0.0021189759086331296,0.0021454581216255814,0.0021690848014750976,0.002190016137899947,0.002208415304675554,0.002224445291211524,0.0022382663393505126,0.0022500339360093115,0.0022598973014651934,0.0022679983083046117,0.0022744707657849353,0.002279440007264835,0.0022830227233073116,0.0022853269891553486,0.0022864524418502257,0.002286490568824903,0.002285525076038203,0.0022836323094239195,0.002280881708509537,0.0022773362754790706,0.00227305304672334,0.0022680835570807476,0.0022624742895784025,0.002256267105602305,0.002249499652121778,0.0022422057439315146,0.0022344157199119716,0.002226156773098773,0.0022174532549392666,0.0022083269545393053,0.0021987973539985073,0.0021888818611256414,0.002178596020940429,0.0021679537074221025,0.0021569672969741294,0.0021456478250503155,0.00213400512733969,0.00212204796684358
PD22,pathway,japan,Industrial,Coal,Other bituminous coal,BITCOAL,Final consumption,CO2e,INONSPEC,Mt,0.0,0.0,0.0,0.0,0.0,0.0,0.0,0.0,0.0,0.0,0.0,0.0,0.0,0.0,0.0,0.0,0.0,0.0,0.0,0.0,0.0,0.0,0.0,0.0,0.0,0.0,0.0,0.0,0.0,0.0,0.0,0.0,0.00016464151454557985,0.00035338909395540505,0.000568691623440868,0.0008131222419839913,0.0010673318928294886,0.001344704871704027,0.0016465168339417705,0.001973905407749707,0.002327821414685377,0.0027239116118385337,0.003152130000433198,0.00361302146907733,0.004106763950581942,0.004633132211366523,0.0051890436651914895,0.005775301354882974,0.006390299916135874,0.007031963509321209,0.00769774471075757,0.008389324134454416,0.009099279687645387,0.009823754056611513,0.010558522718384885,0.011299065669495314,0.012058251137490653,0.012815578346001472,0.013566166556999316,0.014305246454612685,0.01502827796472826,0.015694929315888773,0.016360979684356756,0.01699907869394687,0.01760657870645662,0.018181404106200123,0.01872205030735196,0.019227562932304525,0.019697500745535904,0.020131886399448556,0.02053114910976729,0.02089606311085876,0.02122768524494734,0.02152729441244514,0.021796334939738975,0.022036365272805482,0.02224901282572378,0.022435935328480157,0.022598788638034755,0.022739200698013533,0.022858751145363485,0.022958955952412603,0.023041256444154338,0.0231070120278697,0.023157496001712203,0.023193893859152843,0.023217303568113263,0.02322873737036235,0.023229124713420656,0.023219315990542926,0.02320008682234251,0.02317214266523633,0.02313612357679106,0.023092609006339925,0.023042122511340236,0.022985136326424595,0.02292207573362538,0.02285332319948647,0.022779222258371746,0.022700081131818352,0.022616176081808066,0.022527754501798405,0.02243503775367213,0.022338223761762668,0.022237489377077573,0.022132992526007072,0.022024874158353545,0.02191326000961033,0.02179826219217193,0.021679980629672514,0.021558504347998955
PD22,pathway,japan,Industrial,Coal,Other bituminous coal,BITCOAL,Final consumption,CO2e,IRONSTL,Mt,0.0,0.0,0.0,0.0,0.0,0.0,0.0,0.0,0.0,0.0,0.0,0.0,0.0,0.0,0.0,0.0,0.0,0.0,0.0,0.0,0.0,0.0,0.0,0.0,0.0,0.0,0.0,0.0,0.0,0.0,0.0,0.0,0.04847142836535756,0.10403982373483434,0.167426152290175,0.2393879612525991,0.3142287747299868,0.3958890079531301,0.48474422134078754,0.5811293393152406,0.6853242893245639,0.801935568506007,0.9280055758476173,1.0636947297542045,1.2090554146898373,1.364021320566235,1.5276849158989876,1.7002826212101478,1.8813418078244437,2.0702513363694504,2.2662612303594063,2.46986627242428,2.678881354884286,2.892170861937248,3.108491069222504,3.3265112611849794,3.5500199195541895,3.7729814954227483,3.9939590708640407,4.2115485312885275,4.424413252225978,4.620679323402699,4.816768461746836,5.004628555956494,5.183480125802618,5.352712097842952,5.511881513178229,5.660707397438358,5.7990598482955305,5.926945534750008,6.04449082043077,6.151923644480288,6.249555147453324,6.337761845138638,6.416968955703035,6.487635294790468,6.55023998265912,6.605271064748205,6.653216035067048,6.694554169775531,6.729750523263676,6.759251406683946,6.78348115457532,6.802839984421354,6.817702762672997,6.828418505567225,6.835310461305489,6.838676639806641,6.838790675876798,6.835902930282161,6.830241750284366,6.822014826393749,6.811410595315221,6.79859965033398,6.783736129838861,6.76695906247783,6.7483936537777165,6.728152504134209,6.706336752080652,6.6830371398469195,6.658335000582162,6.632303168372532,6.605006813455756,6.576504205917456,6.546847411732414,6.516082925356974,6.484252243240366,6.451392382649922,6.417536350132711,6.382713563793208,6.346950233375108
PD22,pathway,japan,Industrial,Coal,Other bituminous coal,BITCOAL,Final consumption,CO2e,MACHINE,Mt,0.0,0.0,0.0,0.0,0.0,0.0,0.0,0.0,0.0,0.0,0.0,0.0,0.0,0.0,0.0,0.0,0.0,0.0,0.0,0.0,0.0,0.0,0.0,0.0,0.0,0.0,0.0,0.0,0.0,0.0,0.0,0.0,5.009798580203097e-07,1.075310917810404e-06,1.7304447760645018e-06,2.474211115383791e-06,3.2477336084164643e-06,4.091738694003602e-06,5.010108003275439e-06,6.006303171161647e-06,7.083217407495774e-06,8.288461487524518e-06,9.591466917910365e-06,1.0993891714362202e-05,1.2496277300193899e-05,1.409793832282288e-05,1.5789494926743673e-05,1.757339065289508e-05,1.944474061435256e-05,2.1397228337136463e-05,2.3423102386514458e-05,2.5527476623168472e-05,2.7687766712943345e-05,2.9892235418820835e-05,3.2128028140170534e-05,3.438139117275206e-05,3.6691480636014974e-05,3.8995915689603056e-05,4.1279844967193113e-05,4.352875614366014e-05,4.5728834442755426e-05,4.775735622947029e-05,4.978404931444607e-05,5.1725690534825254e-05,5.357422351786104e-05,5.532333247099962e-05,5.696843916137378e-05,5.8506639558613824e-05,5.993659104807156e-05,6.125836255766839e-05,6.247326012758178e-05,6.358363963885515e-05,6.459271690658213e-05,6.550438343618684e-05,6.632303409994799e-05,6.705341101923304e-05,6.770046617517842e-05,6.826924379575703e-05,6.876478240959923e-05,6.919203560917446e-05,6.95558099968491e-05,6.986071845293916e-05,7.011114671692577e-05,7.03112312647671e-05,7.046484655504019e-05,7.057559986961692e-05,7.064683216302518e-05,7.068162353774732e-05,7.068280216557332e-05,7.0652955667816e-05,7.059444414366315e-05,7.050941419299617e-05,7.039981341663586e-05,7.026740499348335e-05,7.01137820317006e-05,6.994038147165987e-05,6.974849738389244e-05,6.953929355770976e-05,6.931381531753875e-05,6.907300053608028e-05,6.881768983781952e-05,6.854863600457805e-05,6.826651260793285e-05,6.797192190245344e-05,6.766540201968518e-05,6.734743350635269e-05,6.70184452519264e-05,6.667881985097713e-05,6.63288984449943e-05,6.59689850868663e-05,6.559935066924311e-05
PD22,pathway,japan,Industrial,Coal,Other bituminous coal,BITCOAL,Final consumption,CO2e,MINING,Mt,0.0,0.0,0.0,0.0,0.0,0.0,0.0,0.0,0.0,0.0,0.0,0.0,0.0,0.0,0.0,0.0,0.0,0.0,0.0,0.0,0.0,0.0,0.0,0.0,0.0,0.0,0.0,0.0,0.0,0.0,0.0,0.0,5.698133053006166e-07,1.2230560939608954e-06,1.9682037944318564e-06,2.814161869180837e-06,3.6939645227666618e-06,4.6539339103771575e-06,5.698484990076716e-06,6.8315550172448126e-06,8.05643472190148e-06,9.427276487175294e-06,1.0909311781062746e-05,1.2504426426708602e-05,1.4213236237709144e-05,1.6034961695658413e-05,1.7958934175095142e-05,1.9987932953702313e-05,2.211640197264849e-05,2.4337156889372676e-05,2.6641381240348567e-05,2.903489151861744e-05,3.1492000355941015e-05,3.399935784670249e-05,3.6542343198556105e-05,3.910531298083718e-05,4.173280327117262e-05,4.435386224932103e-05,4.695159800636158e-05,4.9509504258030165e-05,5.201186811050433e-05,5.431910399166319e-05,5.6624259911790324e-05,5.883267804233988e-05,6.093519508400933e-05,6.292462746928979e-05,6.479576792694921e-05,6.654531341971541e-05,6.817173686086389e-05,6.967511664884937e-05,7.105693827067985e-05,7.23198812998807e-05,7.346760339693143e-05,7.450453075089491e-05,7.543566207910367e-05,7.626639105918222e-05,7.700235006275978e-05,7.764927638279912e-05,7.821290082984441e-05,7.869885760825116e-05,7.911261373617955e-05,7.945941589278787e-05,7.97442524077863e-05,7.997182809914359e-05,8.014654976687912e-05,8.027252032485993e-05,8.035353976686203e-05,8.039311139416204e-05,8.039445196266292e-05,8.03605046267242e-05,8.029395375757857e-05,8.01972408928527e-05,8.007258122911258e-05,7.992198020186905e-05,7.974724980857657e-05,7.955002442181507e-05,7.933177591434528e-05,7.90938279773768e-05,7.88373695604398e-05,7.856346739772542e-05,7.827307761353439e-05,7.796705642012962e-05,7.764616993622928e-05,7.731110316475586e-05,7.696246817525602e-05,7.660081154043742e-05,7.622662107816914e-05,7.584033195061083e-05,7.544233217128549e-05,7.503296756922908e-05,7.461254625710079e-05
PD22,pathway,japan,Industrial,Coal,Other bituminous coal,BITCOAL,Final consumption,CO2e,NONFERR,Mt,0.0,0.0,0.0,0.0,0.0,0.0,0.0,0.0,0.0,0.0,0.0,0.0,0.0,0.0,0.0,0.0,0.0,0.0,0.0,0.0,0.0,0.0,0.0,0.0,0.0,0.0,0.0,0.0,0.0,0.0,0.0,0.0,0.0007838843006784529,0.001682541390287895,0.0027076307987875664,0.0038714036479982755,0.005081736017259697,0.0064023526562178995,0.007839327161755644,0.00939807596176448,0.011083126068120702,0.01296897416699154,0.015007789668705418,0.01720216687413835,0.019552952949556418,0.022059075522245897,0.024705857911386783,0.027497123530933545,0.030425228987425335,0.03348029087994492,0.03665018052128642,0.03994289958065908,0.04332311030006317,0.04677244739857035,0.05027079725391753,0.05379663941441862,0.05741124154746704,0.06101699621309192,0.06459066544529916,0.06810954177661338,0.07155200919584093,0.074726041757696,0.07789721294586321,0.08093530329189005,0.08382770697137956,0.08656454164964297,0.0891386437555067,0.09154546934617738,0.09378291762952186,0.0958510964572124,0.09775204939322625,0.09948946268988404,0.10106836814023179,0.10249485479148186,0.1037757993100863,0.10491862170392047,0.10593107034890788,0.1068210379598028,0.10759640833358561,0.10826493236743621,0.10883413096279276,0.1093112219037691,0.10970306756670851,0.11001614030476418,0.11025650249190894,0.11042979845012944,0.11054125577842343,0.11059569392001159,0.11059753812159841,0.11055083724002077,0.11045928412773912,0.11032623757437325,0.11015474499526934,0.10994756524038456,0.10970719104961153,0.10943587080675406,0.10913562934685728,0.10880828765365129,0.10845548134859719,0.10807867792320087,0.10767919270446828,0.10725820357179379,0.10681676446412557,0.10635581773053104,0.10587620538663896,0.10537867934498057,0.10486391068986649,0.1043324980678745,0.10378497526385358,0.10322181803003609,0.10264345023275531
PD22,pathway,japan,Industrial,Coal,Other bituminous coal,BITCOAL,Final consumption,CO2e,NONMET,Mt,0.0,0.0,0.0,0.0,0.0,0.0,0.0,0.0,0.0,0.0,0.0,0.0,0.0,0.0,0.0,0.0,0.0,0.0,0.0,0.0,0.0,0.0,0.0,0.0,0.0,0.0,0.0,0.0,0.0,0.0,0.0,0.0,0.06743046264682917,0.14473378822787986,0.23291294044418542,0.33302177228349983,0.4371356976996523,0.5507363794163069,0.6743462739329438,0.80843130745615,0.9533808977928224,1.1156033197477537,1.2909841411433458,1.4797465261738054,1.6819633488757955,1.8975423627428363,2.125221065927459,2.3653283520834965,2.6172067293377177,2.880006018274875,3.152682897847604,3.4359256791450035,3.7266945750852836,4.023409786980595,4.32434112218193,4.627637371254038,4.938568836401029,5.248739234103363,5.556149612734385,5.858846654647498,6.154970930289002,6.42800418776941,6.700791307201883,6.962130687794341,7.210937964710801,7.446363050253995,7.6677897273137905,7.874827121669935,8.067294521213073,8.245201203445198,8.408722957656021,8.558176878727014,8.693995806214659,8.816703525670285,8.926891574390819,9.025198228411952,9.112290010296816,9.188845858770117,9.255543945441287,9.313051009754295,9.362014006703715,9.403053816847638,9.43676074823444,9.463691558751925,9.484367739494349,9.49927482033207,9.508862484233157,9.51354530422298,9.513703944172914,9.50968669054496,9.501811205970814,9.490366416683335,9.475614464208379,9.45779266740642,9.437115454100635,9.413776232374298,9.387949180436816,9.35979094101631,9.329442211804711,9.297029227797513,9.262665134657244,9.22645125467399,9.188478248664415,9.148827178379015,9.107570474791787,9.064772818123789,9.020491935676738,8.974779323590655,8.92768089853881,8.879237585174383,8.829485844876846
PD22,pathway,japan,Industrial,Coal,Other bituminous coal,BITCOAL,Final consumption,CO2e,PAPERPRO,Mt,0.0,0.0,0.0,0.0,0.0,0.0,0.0,0.0,0.0,0.0,0.0,0.0,0.0,0.0,0.0,0.0,0.0,0.0,0.0,0.0,0.0,0.0,0.0,0.0,0.0,0.0,0.0,0.0,0.0,0.0,0.0,0.0,0.03411432218053889,0.07322350890392126,0.11783497811582944,0.1684818935963106,0.22115506022917053,0.2786277528949217,0.3411642920304896,0.4090003983487369,0.482333085543563,0.564404418739997,0.6531328303588371,0.7486312233065933,0.850936465910543,0.9600018889514859,1.0751887693199027,1.1966635004176718,1.324093444906799,1.4570484812465958,1.5950007739610714,1.7382985524013561,1.8854039318815383,2.0355176629333194,2.187764408992989,2.3412076088592912,2.4985136062042463,2.6554345654078473,2.810959179752949,2.9640992295996247,3.1139139950361745,3.252046585946501,3.3900546510514475,3.5222710926720304,3.6481473105180555,3.76725322945066,3.87927709380033,3.984021153046626,4.081393981580433,4.1714002730621464,4.254128962555085,4.3297404742432715,4.3984537896893805,4.4605339017223224,4.516280080036196,4.566015240320246,4.610076588706042,4.648807612891672,4.682551412477375,4.711645303318759,4.736416591951401,4.757179393369666,4.774232355368003,4.787857152092124,4.798317615562536,4.805859384349335,4.81070996140964,4.813079086929109,4.813159345823241,4.811126942675381,4.807142588904928,4.80135245765392,4.793889171184145,4.7848727935104165,4.774411807647043,4.762604062331912,4.7495376775529214,4.735291901772634,4.7199379165639455,4.703539586553286,4.686154154230671,4.667832880422619,4.648621632118437,4.628561419961745,4.607688888126197,4.586036759535726,4.563634239503361,4.540507380881815,4.516679413768052,4.492171042703441,4.467000714176376
PD22,pathway,japan,Industrial,Coal,Other bituminous coal,BITCOAL,Final consumption,CO2e,TEXTILES,Mt,0.0,0.0,0.0,0.0,0.0,0.0,0.0,0.0,0.0,0.0,0.0,0.0,0.0,0.0,0.0,0.0,0.0,0.0,0.0,0.0,0.0,0.0,0.0,0.0,0.0,0.0,0.0,0.0,0.0,0.0,0.0,0.0,5.698133053006166e-07,1.2230560939608954e-06,1.9682037944318564e-06,2.814161869180837e-06,3.6939645227666618e-06,4.6539339103771575e-06,5.698484990076716e-06,6.8315550172448126e-06,8.05643472190148e-06,9.427276487175294e-06,1.0909311781062746e-05,1.2504426426708602e-05,1.4213236237709144e-05,1.6034961695658413e-05,1.7958934175095142e-05,1.9987932953702313e-05,2.211640197264849e-05,2.4337156889372676e-05,2.6641381240348567e-05,2.903489151861744e-05,3.1492000355941015e-05,3.399935784670249e-05,3.6542343198556105e-05,3.910531298083718e-05,4.173280327117262e-05,4.435386224932103e-05,4.695159800636158e-05,4.9509504258030165e-05,5.201186811050433e-05,5.431910399166319e-05,5.6624259911790324e-05,5.883267804233988e-05,6.093519508400933e-05,6.292462746928979e-05,6.479576792694921e-05,6.654531341971541e-05,6.817173686086389e-05,6.967511664884937e-05,7.105693827067985e-05,7.23198812998807e-05,7.346760339693143e-05,7.450453075089491e-05,7.543566207910367e-05,7.626639105918222e-05,7.700235006275978e-05,7.764927638279912e-05,7.821290082984441e-05,7.869885760825116e-05,7.911261373617955e-05,7.945941589278787e-05,7.97442524077863e-05,7.997182809914359e-05,8.014654976687912e-05,8.027252032485993e-05,8.035353976686203e-05,8.039311139416204e-05,8.039445196266292e-05,8.03605046267242e-05,8.029395375757857e-05,8.01972408928527e-05,8.007258122911258e-05,7.992198020186905e-05,7.974724980857657e-05,7.955002442181507e-05,7.933177591434528e-05,7.90938279773768e-05,7.88373695604398e-05,7.856346739772542e-05,7.827307761353439e-05,7.796705642012962e-05,7.764616993622928e-05,7.731110316475586e-05,7.696246817525602e-05,7.660081154043742e-05,7.622662107816914e-05,7.584033195061083e-05,7.544233217128549e-05,7.503296756922908e-05,7.461254625710079e-05
PD22,pathway,japan,Industrial,Coal,Other bituminous coal,BITCOAL,Final consumption,CO2e,TRANSEQ,Mt,0.0,0.0,0.0,0.0,0.0,0.0,0.0,0.0,0.0,0.0,0.0,0.0,0.0,0.0,0.0,0.0,0.0,0.0,0.0,0.0,0.0,0.0,0.0,0.0,0.0,0.0,0.0,0.0,0.0,0.0,0.0,0.0,0.0001164529161482783,0.0002499563408396126,0.00040224239992917715,0.0005751311054530486,0.0007549366377071834,0.0009511258694439584,0.0011646010869674726,0.0013961669483408302,0.0016464959810454233,0.0019266553238669586,0.0022295393214893256,0.0025555333801543685,0.0029047633538714906,0.003277069932230219,0.003670272765044452,0.00408493985412803,0.004519935706070765,0.0049737920546281626,0.005444707076504409,0.005933869490127306,0.006436029560343774,0.006948458962937946,0.007468169642191876,0.007991964545487592,0.008528945524370531,0.009064612134052418,0.009595512170039523,0.010118272238064907,0.010629681089304212,0.011101211578507412,0.011572316985450571,0.012023652061316423,0.012453344099877525,0.012859924993287006,0.013242330529960997,0.013599885667181275,0.01393227831377582,0.01423952449206035,0.014521927791460339,0.01478003583722102,0.015014596146511907,0.015226513300919634,0.015416808889805051,0.0155865852206824,0.01573699338303125,0.015869205909135587,0.015984394006465563,0.016083709139055585,0.01616826860304715,0.016239144663833843,0.016297356787855027,0.01634386650017042,0.016379574419822032,0.016405319060547735,0.01642187702821554,0.01642996429355833,0.016430238265945026,0.016423300438715028,0.016409699417622475,0.016389934180444588,0.016364457447568124,0.016333679070450052,0.01629796936755375,0.016257662356093685,0.016213058843147533,0.016164429351884904,0.016112016868277963,0.016056039401113376,0.015996692353801318,0.015934150710698827,0.01586857104371817,0.015800093347112115,0.015728842709717535,0.01565493083476267,0.01557845741773176,0.01549951139284593,0.015418172058545277,0.01533451009201363,0.015248588462327576
PD22,pathway,japan,Industrial,Coal,Other recovered gases,OGASES,Energy industry own use and Losses,CO2e,ECOKEOVS,Mt,0.0,0.0,0.0,0.0,0.0,0.0,0.0,0.0,0.0,0.0,0.0,0.0,0.0,0.0,0.0,0.0,0.0,0.0,0.0,0.0,0.0,0.0,0.0,0.0,0.0,0.0,0.0,0.0,0.0,0.0,0.0,0.0,0.0009485052398125748,0.0020352490852676153,0.003274262594194527,0.00468033513792826,0.006142168328131137,0.007736987980516363,0.009472413135035801,0.011355397821385144,0.013391965103798503,0.0156728442407624,0.018141120796889842,0.020800939911600536,0.023654425705748938,0.026701412037618416,0.02992521542863283,0.033331419193598194,0.036911536882228105,0.04065411379784642,0.04454468086847059,0.048592960543456146,0.05275571656477632,0.057010054815901115,0.061330734620107394,0.06569063570961675,0.0701637069734712,0.07462984584863425,0.07905966118893842,0.08342442845725007,0.08769680592706561,0.09164053438738434,0.09558046080997838,0.09935637668961764,0.10295231975867898,0.10635575951534108,0.10955758743360741,0.11255198912845371,0.11533622014595556,0.1179103097020037,0.12027671694370583,0.12243996264104612,0.12440625621627902,0.12618313426546068,0.1277791227269703,0.1292034309989952,0.13046568286965737,0.1315756862509816,0.13254324145633836,0.13337798611451876,0.1340892737105854,0.13468608209781352,0.13517694804204403,0.13556992384838798,0.13587255229917966,0.1360918564334607,0.13623434106818127,0.1363060033592298,0.13631235009741974,0.1362584198113803,0.1361488080941982,0.13598769487749848,0.13577887264349808,0.13552577479305675,0.13523150357843294,0.13489885716674127,0.13453035552794382,0.13412826494354493,0.13369462101288224,0.1332312500964764,0.13273978918355236,0.1322217042062794,0.13167830684891343,0.13111076991783407,0.13052014135014198,0.12990735694540675,0.12927325190842634,0.12861857129141738,0.12794397942260977,0.1272500684053473,0.12653736576794888
PD22,pathway,japan,Industrial,Coal,Other recovered gases,OGASES,Energy industry own use and Losses,CO2e,EPOWERPLT,Mt,0.0,0.0,0.0,0.0,0.0,0.0,0.0,0.0,0.0,0.0,0.0,0.0,0.0,0.0,0.0,0.0,0.0,0.0,0.0,0.0,0.0,0.0,0.0,0.0,0.0,0.0,0.0,0.0,0.0,0.0,0.0,0.0,3.353791364066189e-07,7.144900481688332e-07,1.1415504112649748e-06,1.6209709704747736e-06,2.1263784447847598e-06,2.6773910935621865e-06,3.27658961465832e-06,3.926320787049067e-06,4.628606050508061e-06,5.4075662207803295e-06,6.2484955484798805e-06,7.152546041338198e-06,8.120173931385533e-06,9.15105318311514e-06,1.0259567221275393e-05,1.1431374903493422e-05,1.2663616140086431e-05,1.3952406873227707e-05,1.5292821676635425e-05,1.6715643777666306e-05,1.8182944357607578e-05,1.96869452699762e-05,2.121899342244668e-05,2.2769717134359127e-05,2.436861414015575e-05,2.5970466029841257e-05,2.7564885994497067e-05,2.914164696060169e-05,3.069093720177129e-05,3.212242396306628e-05,3.356154035147595e-05,3.494693019321351e-05,3.627259813730023e-05,3.753373270635682e-05,3.872671361899758e-05,3.9849076854923525e-05,4.0899444705615976e-05,4.187742911504726e-05,4.278351682754958e-05,4.361894438376275e-05,4.4385570038817916e-05,4.5085748420951074e-05,4.5722212382244726e-05,4.629796515714476e-05,4.681618473710409e-05,4.7280141348786416e-05,4.7693128112414244e-05,4.8058404354187794e-05,4.8379150633524946e-05,4.865843429397545e-05,4.889918422431325e-05,4.910417349222772e-05,4.927600855902107e-05,4.941712387588474e-05,4.952978078155288e-05,4.9616069752809195e-05,4.9677915192958376e-05,4.9717082071723785e-05,4.97351838486675e-05,4.973369121863204e-05,4.9713941310891975e-05,4.9677147053724055e-05,4.96244064835822e-05,4.955671183412281e-05,4.947495828618675e-05,4.9379952296839925e-05,4.927241945497844e-05,4.9153011834040524e-05,4.902231483007154e-05,4.8880853486766124e-05,4.8729098318950116e-05,4.856747065297287e-05,4.839634750727122e-05,4.821606603937825e-05,4.8026927587335695e-05,4.7829201334119446e-05,4.762312762356811e-05,4.7408920955650687e-05,4.7186772687838204e-05
PD22,pathway,japan,Industrial,Coal,Other recovered gases,OGASES,Final consumption,CO2e,CHEMICAL,Mt,0.0,0.0,0.0,0.0,0.0,0.0,0.0,0.0,0.0,0.0,0.0,0.0,0.0,0.0,0.0,0.0,0.0,0.0,0.0,0.0,0.0,0.0,0.0,0.0,0.0,0.0,0.0,0.0,0.0,0.0,0.0,0.0,3.353791364066189e-07,7.144900481688332e-07,1.1415504112649748e-06,1.6209709704747736e-06,2.1263784447847598e-06,2.6773910935621865e-06,3.27658961465832e-06,3.926320787049067e-06,4.628606050508061e-06,5.4075662207803295e-06,6.2484955484798805e-06,7.152546041338198e-06,8.120173931385533e-06,9.15105318311514e-06,1.0259567221275393e-05,1.1431374903493422e-05,1.2663616140086431e-05,1.3952406873227707e-05,1.5292821676635425e-05,1.6715643777666306e-05,1.8182944357607578e-05,1.96869452699762e-05,2.121899342244668e-05,2.2769717134359127e-05,2.436861414015575e-05,2.5970466029841257e-05,2.7564885994497067e-05,2.914164696060169e-05,3.069093720177129e-05,3.212242396306628e-05,3.356154035147595e-05,3.494693019321351e-05,3.627259813730023e-05,3.753373270635682e-05,3.872671361899758e-05,3.9849076854923525e-05,4.0899444705615976e-05,4.187742911504726e-05,4.278351682754958e-05,4.361894438376275e-05,4.4385570038817916e-05,4.5085748420951074e-05,4.5722212382244726e-05,4.629796515714476e-05,4.681618473710409e-05,4.7280141348786416e-05,4.7693128112414244e-05,4.8058404354187794e-05,4.8379150633524946e-05,4.865843429397545e-05,4.889918422431325e-05,4.910417349222772e-05,4.927600855902107e-05,4.941712387588474e-05,4.952978078155288e-05,4.9616069752809195e-05,4.9677915192958376e-05,4.9717082071723785e-05,4.97351838486675e-05,4.973369121863204e-05,4.9713941310891975e-05,4.9677147053724055e-05,4.96244064835822e-05,4.955671183412281e-05,4.947495828618675e-05,4.9379952296839925e-05,4.927241945497844e-05,4.9153011834040524e-05,4.902231483007154e-05,4.8880853486766124e-05,4.8729098318950116e-05,4.856747065297287e-05,4.839634750727122e-05,4.821606603937825e-05,4.8026927587335695e-05,4.7829201334119446e-05,4.762312762356811e-05,4.7408920955650687e-05,4.7186772687838204e-05
PD22,pathway,japan,Industrial,Coal,Other recovered gases,OGASES,Final consumption,CO2e,IRONSTL,Mt,0.0,0.0,0.0,0.0,0.0,0.0,0.0,0.0,0.0,0.0,0.0,0.0,0.0,0.0,0.0,0.0,0.0,0.0,0.0,0.0,0.0,0.0,0.0,0.0,0.0,0.0,0.0,0.0,0.0,0.0,0.0,0.0,0.008159210381679438,0.01738234131403371,0.027772001760750342,0.03943549772476995,0.05173121163098271,0.06513642273776599,0.07971391508388193,0.09552078185523638,0.11260620128206611,0.13155699224747175,0.15201538859955144,0.17400941674908088,0.19755017605410963,0.22262973461905322,0.2495980169794345,0.27810612725881967,0.3080844842850402,0.3394385954629914,0.37204863345432626,0.40666350241248017,0.4423604579630661,0.4789502708826603,0.5162224259868892,0.5539489260456528,0.5928474013315898,0.6318177639733155,0.6706073203773365,0.7089672630437455,0.746658889170003,0.781484554741024,0.8164958363090005,0.8502000413483783,0.8824513130522269,0.9131325962673689,0.9421558156359178,0.9694610256877423,0.9950147090914749,1.0188074250965569,1.0408510153740325,1.0611755628781774,1.0798262758313053,1.09686043837862,1.1123445362154505,1.126351632985327,1.1389590438758697,1.1502463280022668,1.1602936014414917,1.1691801581187866,1.1769833756960415,1.1837778774834704,1.1896349184194313,1.1946219625773387,1.1988024207773889,1.2022355191230538,1.2049762721828412,1.2070755377413447,1.2085801332946973,1.2095329975881197,1.2099733833794024,1.2099370702007952,1.2094565881588992,1.208561445758906,1.2072783563811715,1.2056314594019164,1.2036425330655738,1.2013311971163376,1.1987151039118276,1.1958101173022042,1.1926304789887903,1.189188962401711,1.1854970143754127,1.1815648850714322,1.1774017467143052,1.1730158017798136,1.1684143813157533,1.1636040340912421,1.158590607267687,1.1533793192686095,1.147974825499474
PD22,pathway,japan,Industrial,Coal,Other recovered gases,OGASES,Final consumption,CO2e,NONFERR,Mt,0.0,0.0,0.0,0.0,0.0,0.0,0.0,0.0,0.0,0.0,0.0,0.0,0.0,0.0,0.0,0.0,0.0,0.0,0.0,0.0,0.0,0.0,0.0,0.0,0.0,0.0,0.0,0.0,0.0,0.0,0.0,0.0,3.353791364066189e-07,7.144900481688332e-07,1.1415504112649748e-06,1.6209709704747736e-06,2.1263784447847598e-06,2.6773910935621865e-06,3.27658961465832e-06,3.926320787049067e-06,4.628606050508061e-06,5.4075662207803295e-06,6.2484955484798805e-06,7.152546041338198e-06,8.120173931385533e-06,9.15105318311514e-06,1.0259567221275393e-05,1.1431374903493422e-05,1.2663616140086431e-05,1.3952406873227707e-05,1.5292821676635425e-05,1.6715643777666306e-05,1.8182944357607578e-05,1.96869452699762e-05,2.121899342244668e-05,2.2769717134359127e-05,2.436861414015575e-05,2.5970466029841257e-05,2.7564885994497067e-05,2.914164696060169e-05,3.069093720177129e-05,3.212242396306628e-05,3.356154035147595e-05,3.494693019321351e-05,3.627259813730023e-05,3.753373270635682e-05,3.872671361899758e-05,3.9849076854923525e-05,4.0899444705615976e-05,4.187742911504726e-05,4.278351682754958e-05,4.361894438376275e-05,4.4385570038817916e-05,4.5085748420951074e-05,4.5722212382244726e-05,4.629796515714476e-05,4.681618473710409e-05,4.7280141348786416e-05,4.7693128112414244e-05,4.8058404354187794e-05,4.8379150633524946e-05,4.865843429397545e-05,4.889918422431325e-05,4.910417349222772e-05,4.927600855902107e-05,4.941712387588474e-05,4.952978078155288e-05,4.9616069752809195e-05,4.9677915192958376e-05,4.9717082071723785e-05,4.97351838486675e-05,4.973369121863204e-05,4.9713941310891975e-05,4.9677147053724055e-05,4.96244064835822e-05,4.955671183412281e-05,4.947495828618675e-05,4.9379952296839925e-05,4.927241945497844e-05,4.9153011834040524e-05,4.902231483007154e-05,4.8880853486766124e-05,4.8729098318950116e-05,4.856747065297287e-05,4.839634750727122e-05,4.821606603937825e-05,4.8026927587335695e-05,4.7829201334119446e-05,4.762312762356811e-05,4.7408920955650687e-05,4.7186772687838204e-05
PD22,pathway,japan,Industrial,Coal,Other recovered gases,OGASES,Final consumption,CO2e,NONMET,Mt,0.0,0.0,0.0,0.0,0.0,0.0,0.0,0.0,0.0,0.0,0.0,0.0,0.0,0.0,0.0,0.0,0.0,0.0,0.0,0.0,0.0,0.0,0.0,0.0,0.0,0.0,0.0,0.0,0.0,0.0,0.0,0.0,0.0005363616908672791,0.0011426622849879525,0.0018256469837586164,0.0025923697576598903,0.003400652617477379,0.004281870450983868,0.005240150490057716,0.006279245867207725,0.007402389409814206,0.008648156807637503,0.009993029601268744,0.011438850161767142,0.01298634812719475,0.014635002078844592,0.016407814992098937,0.01828185151249745,0.020252537585271194,0.022313661554424817,0.02445734633494623,0.026732822609615257,0.02907943196790777,0.03148473505583125,0.033934893245018284,0.03641491869055139,0.03897198622534265,0.04153377941640442,0.044083686954953516,0.04660535299218738,0.049083085931395605,0.05137241933468582,0.053673954569442815,0.05588956656602149,0.058009667141260685,0.060026561445175444,0.06193445967144015,0.06372942118705047,0.06540924266451702,0.06697330349759287,0.06842238212174015,0.0697584560989369,0.07098449728030928,0.07210427135144985,0.07312214887988877,0.0740429328474773,0.07487170571965299,0.07561369747083119,0.07627417468840224,0.07685834991400056,0.07737130971993221,0.07781795961579577,0.07820298368466215,0.07853081680966294,0.07880562742538301,0.07903130887584901,0.0792114776515798,0.07934947698875419,0.07944838452726795,0.07951102292972105,0.0795399725531033,0.07953758543511427,0.07950600000608779,0.07944715606546515,0.07936280966967656,0.07925454766794403,0.0791238016958624,0.07897186149578149,0.07879988748003752,0.07860892248992242,0.07839990273159404,0.0781736678915244,0.07793097044981785,0.07767248422093871,0.0773988121590494,0.07711049346997664,0.0768080100745201,0.07649179246885682,0.0761622250276055,0.07581965079406719,0.07546437580044721
PD22,pathway,japan,Industrial,"Crude, NGL, refinery feedstocks",Crude oil,CRUDEOIL,Energy industry own use and Losses,CO2e,EPOWERPLT,Mt,0.0,0.0,0.0,0.0,0.0,0.0,0.0,0.0,0.0,0.0,0.0,0.0,0.0,0.0,0.0,0.0,0.0,0.0,0.0,0.0,0.0,0.0,0.0,0.0,0.0,0.0,0.0,0.0,0.0,0.0,0.0,0.0,6.654317117246925e-07,1.4488934231404315e-06,2.3649488054586657e-06,3.4280974096390996e-06,4.620546912395363e-06,5.967881795480925e-06,7.476198987874993e-06,9.14742997814809e-06,1.0978243991432434e-05,1.2965158810318095e-05,1.5087786612992916e-05,1.732324573548341e-05,1.9642448052521364e-05,2.20113700274773e-05,2.4417662326338038e-05,2.6803047551018323e-05,2.913083768421893e-05,3.1367892794486614e-05,3.34863420875067e-05,3.549987075789448e-05,3.736164089498971e-05,3.906301026819081e-05,4.060128910750415e-05,4.1978791658246136e-05,4.324103145877541e-05,4.435905047368201e-05,4.534329660856635e-05,4.620522482288558e-05,4.695661762462438e-05,4.754140710736042e-05,4.8085047666848494e-05,4.855116374919465e-05,4.8949226684850004e-05,4.9287746663004074e-05,4.957427835153977e-05,4.9815462477565585e-05,5.0017089466028314e-05,5.0184174836563405e-05,5.032103904684702e-05,5.0431386828940955e-05,5.0518382852773044e-05,5.058472185875359e-05,5.0632692325948685e-05,5.0664233372061565e-05,5.06809849920951e-05,5.068433199467919e-05,5.067544213571931e-05,5.065529901364074e-05,5.0624730304917846e-05,5.0584431901432074e-05,5.0534988475392183e-05,5.0476890951997525e-05,5.0410551320616323e-05,5.033631516573066e-05,5.0254472251597755e-05,5.016526545079692e-05,5.0068898267136985e-05,4.996554116805739e-05,4.985533691049807e-05,4.973840501704098e-05,4.961484553560344e-05,4.9484742195676766e-05,4.934816505675482e-05,4.920517272975509e-05,4.9055814239609226e-05,4.8900130586500065e-05,4.8738156054119564e-05,4.856991930566632e-05,4.8395444301803465e-05,4.821475106933019e-05,4.802785634472488e-05,4.783477411281945e-05,4.763551605762278e-05,4.743009193955501e-05,4.721850991105223e-05,4.700077678057672e-05,4.6776898233427065e-05,4.654687901639732e-05,4.631072309217937e-05
PD22,pathway,japan,Industrial,"Crude, NGL, refinery feedstocks",Crude oil,CRUDEOIL,Final consumption,CO2e,CHEMICAL,Mt,0.0,0.0,0.0,0.0,0.0,0.0,0.0,0.0,0.0,0.0,0.0,0.0,0.0,0.0,0.0,0.0,0.0,0.0,0.0,0.0,0.0,0.0,0.0,0.0,0.0,0.0,0.0,0.0,0.0,0.0,0.0,0.0,8.830038637535671e-07,1.9226292769910293e-06,3.138201705757263e-06,4.548961530837439e-06,6.131298981416345e-06,7.919163741349415e-06,9.920646215333069e-06,1.2138309418986314e-05,1.4567733534278693e-05,1.7204297784392366e-05,2.0020948265648765e-05,2.2987321835832563e-05,2.606481960260265e-05,2.920829356087752e-05,3.240135659015133e-05,3.556667668659545e-05,3.8655570175449744e-05,4.162406156380919e-05,4.443516731357047e-05,4.710704718404256e-05,4.957754895831967e-05,5.183520470832114e-05,5.387644520634839e-05,5.570434137240728e-05,5.737928802916057e-05,5.8862858908813694e-05,6.016891800499779e-05,6.131266563546386e-05,6.230973676303658e-05,6.308573129957593e-05,6.380712270017048e-05,6.442564191772111e-05,6.495385706588373e-05,6.540306085855102e-05,6.578327806732981e-05,6.610332069740652e-05,6.637087243368934e-05,6.659258868970727e-05,6.677420255685644e-05,6.692063008086645e-05,6.703607066450775e-05,6.712410013104243e-05,6.718775520959219e-05,6.722960903935979e-05,6.725183783452108e-05,6.72562791861454e-05,6.724448266417105e-05,6.721775346820691e-05,6.717718989506081e-05,6.712371536814233e-05,6.705810572636964e-05,6.698101240976315e-05,6.689298211334435e-05,6.679447341524766e-05,6.668587082218384e-05,6.656749661729952e-05,6.643962084280388e-05,6.630246970283623e-05,6.615623263070336e-05,6.600106822855758e-05,6.583710925637398e-05,6.566446682016554e-05,6.548323388635193e-05,6.529348822950515e-05,6.509529490394005e-05,6.48887083154194e-05,6.467377395716504e-05,6.445052986420691e-05,6.421900783148018e-05,6.397923443382457e-05,6.373123187994278e-05,6.347501872720204e-05,6.321061047986038e-05,6.293802008964307e-05,6.265725837453853e-05,6.236833436913047e-05,6.207125561760492e-05,6.176602841878626e-05,6.145265803102359e-05
PD22,pathway,japan,Industrial,"Crude, NGL, refinery feedstocks",Natural gas liquids,NGL,Energy industry own use and Losses,CO2e,EPOWERPLT,Mt,0.0,0.0,0.0,0.0,0.0,0.0,0.0,0.0,0.0,0.0,0.0,0.0,0.0,0.0,0.0,0.0,0.0,0.0,0.0,0.0,0.0,0.0,0.0,0.0,0.0,0.0,0.0,0.0,0.0,0.0,0.0,0.0,3.7231085706515517e-07,7.916520292903416e-07,1.2624864984150624e-06,1.789469452547053e-06,2.3613087707947397e-06,2.9906553088765564e-06,3.6812760093681395e-06,4.436736530028261e-06,5.2602894148929915e-06,6.157614938675327e-06,7.128970163233336e-06,8.176025476132906e-06,9.29965700809087e-06,1.0499839888194416e-05,1.1787502760962325e-05,1.3151156364746153e-05,1.4587727451118719e-05,1.609293902674635e-05,1.766128353330257e-05,1.930516033879259e-05,2.1000513476575145e-05,2.2738361892103224e-05,2.450871261480743e-05,2.630074124774299e-05,2.8128577451428057e-05,2.9957724041697154e-05,3.1776261663385e-05,3.357248346005221e-05,3.5335187435674335e-05,3.70012778045239e-05,3.864810117656375e-05,4.023233331680402e-05,4.174714319153781e-05,4.318706701741948e-05,4.454801468282956e-05,4.5827227658402906e-05,4.702319680577273e-05,4.81355496917425e-05,4.9164917236735e-05,5.011278895763557e-05,5.098136493563171e-05,5.1773411181805476e-05,5.2492123492531e-05,5.314100334505349e-05,5.372374799335356e-05,5.4244155751050143e-05,5.470604651812567e-05,5.5113196918871826e-05,5.546928894745609e-05,5.577787073216469e-05,5.604232789275629e-05,5.62658639413867e-05,5.645148823368002e-05,5.660201008519798e-05,5.672003780784195e-05,5.680798157388766e-05,5.6868059170277434e-05,5.690230385438099e-05,5.69125736594857e-05,5.690056162105848e-05,5.6867806502253554e-05,5.6815703689221196e-05,5.6745516004421035e-05,5.6658384250517945e-05,5.655533735007192e-05,5.643730198865e-05,5.630511170263506e-05,5.615951537934388e-05,5.600118515727263e-05,5.5830723729509704e-05,5.564867106454328e-05,5.545551056660688e-05,5.525167470310017e-05,5.503755012998363e-05,5.481348234787743e-05,5.4579779922273615e-05,5.433671830104671e-05,5.4084543261635804e-05,5.382347401898655e-05
PD22,pathway,japan,Industrial,"Crude, NGL, refinery feedstocks",Natural gas liquids,NGL,Final consumption,CO2e,CHEMICAL,Mt,0.0,0.0,0.0,0.0,0.0,0.0,0.0,0.0,0.0,0.0,0.0,0.0,0.0,0.0,0.0,0.0,0.0,0.0,0.0,0.0,0.0,0.0,0.0,0.0,0.0,0.0,0.0,0.0,0.0,0.0,0.0,0.0,1.933525697105044e-05,4.111294400233794e-05,6.556483757083837e-05,9.293269602607141e-05,0.00012263008452455997,0.00015531400122141678,0.00019118007512211642,0.0002304134818876106,0.00027318313621257917,0.0003197840323717195,0.0003702295203842133,0.00042460634865455716,0.00048296001736688413,0.0005452892348975892,0.000612161559635332,0.0006829803186059985,0.0007575859084916936,0.0008357562117699215,0.0009172052038633562,0.0010025768223905491,0.0010906217664303248,0.0011808736219787862,0.0012728134230960558,0.0013658790252931616,0.0014608042256427584,0.0015557974784298624,0.0016502397745907394,0.0017435231407792373,0.001835065822615619,0.0019215910603501204,0.002007115703212603,0.002089389789374915,0.002168058562080453,0.002242838270122348,0.0023135165013248565,0.0023799499967066045,0.0024420603820338757,0.0024998283156962326,0.0025532865633470826,0.0026025124802157833,0.002647620323338655,0.002688753740245821,0.0027260786985499616,0.0027597770408189963,0.00279004077691363,0.002817067165034862,0.002841054584430472,0.002862199166907463,0.0028806921298371317,0.0028967177385205815,0.002910451818687301,0.002922060738654429,0.002931700783588527,0.002939517849955595,0.002945647395478436,0.002950214587874864,0.0029533346036959346,0.0029551130362999527,0.002955646379115436,0.0029550225567225906,0.002953321481862183,0.0029506156212626925,0.0029469705572091973,0.0029424455351205725,0.0029370939901350187,0.0029309640479067583,0.0029240989965641155,0.002916537728147002,0.0029083151488911545,0.0028994625585169994,0.0028900079992620316,0.0028799765758066504,0.00286939074752357,0.0028582705946554516,0.002846634060120552,0.002834497168681427,0.0028218742252000876,0.0028087779936608573,0.002795219858575429
PD22,pathway,japan,Industrial,Emissions,"Adipic Acid Production, Addtl Emissions",EM,Emissions,CO2e,IND,Mt,0.0,0.0,0.0,0.0,0.0,0.0,0.0,0.0,0.0,0.0,0.0,0.0,0.0,0.0,0.0,0.0,0.0,0.0,0.0,0.0,0.0,0.0,0.0,0.0,0.0,0.0,0.0,0.0,0.0,0.0,0.0,0.0024296244360734742,0.0024327933179064676,0.0024357533264324216,0.0024385044616513363,0.0024410467235633226,0.003768796998536994,0.00605129151392414,0.009657930559877848,0.015059438302411798,0.022842209202643515,0.03555902780792919,0.05240994949278832,0.07432723217510656,0.10224947288640135,0.13701467607810186,0.17637909615805697,0.21714077136770282,0.263809957534622,0.31559238977496284,0.3681114590056927,0.36944223842726304,0.3707222144150748,0.3719513869691289,0.37312975608942656,0.37425732177596555,0.37579218669021386,0.3772698856337405,0.37869041860654473,0.38005378560862574,0.3813599866399842,0.38188542772398565,0.3828629950006762,0.38378657757512585,0.3846561754473355,0.38547178861730613,0.38623341708503584,0.3869410608505263,0.38759471991377603,0.3881943942747865,0.38874008393355614,0.38923178889008586,0.3896695091443764,0.390053244696426,0.3903829955462364,0.390658761693806,0.39088054313913556,0.3910483398822259,0.3911621519230756,0.391221979261686,0.39122782189805555,0.391179679832186,0.39107755306407566,0.39092144159372516,0.3907113454211355,0.3904472645463051,0.3901291989692355,0.38975714868992506,0.3893311137083746,0.38885109402458495,0.3883170896385545,0.3877291005502848,0.38708712675977436,0.3863911682670245,0.38564122507203413,0.38483729717480364,0.3839793845753338,0.3830674872736234,0.38210160526967357,0.3810817385634831,0.38000788715505257,0.3788800510443828,0.37769823023147236,0.3764624247163225,0.37517263449893207,0.3738288595793015,0.37243109995743157,0.3709793556333211,0.36947362660697114,0.36791391287838054,0.3663002144475507
PD22,pathway,japan,Industrial,Emissions,"Agriculture, Forestry, Fishing, Addtl Emissions",EM,Emissions,CO2e,IND,Mt,0.0,0.0,0.0,0.0,0.0,0.0,0.0,0.0,0.0,0.0,0.0,0.0,0.0,0.0,0.0,0.0,0.0,0.0,0.0,0.0,0.0,0.0,0.0,0.0,0.0,0.0,0.0,0.0,0.0,0.0,0.0,0.013465272006634832,0.013482834332401605,0.013499239057079171,0.01351448618066775,0.013528575703167123,0.02088712805552073,0.03353698827548546,0.05352541737689842,0.08346122552867419,0.1265942816426071,0.1970724259338852,0.290462268693213,0.4119304958734855,0.5666789255608031,0.7593518796156691,0.9775142490297009,1.203420375093775,1.462066640226591,1.7490511325328006,2.040118155990107,2.0474934962386744,2.0545872777227387,2.061399500442303,2.0679301643973744,2.0741792695879413,2.082685676280654,2.0908752622607234,2.098748027528147,2.106303972082919,2.1135430959250434,2.1164551538606204,2.121872949751205,2.126991555903212,2.131810972316646,2.136331198991513,2.140552235927802,2.1444740831255222,2.148096740584666,2.1514202083052414,2.1544444862872387,2.157169574530664,2.1595954730355214,2.161722181801801,2.163549700829512,2.165078030118645,2.1663071696692064,2.1672371194811997,2.1678678795546156,2.1681994498894634,2.168231830485733,2.1679650213434356,2.1673990224625603,2.1665338338431117,2.1653694554850955,2.163905887388502,2.16214312955334,2.1600811819796006,2.1577200446672893,2.1550597176164086,2.1521002008269514,2.148841494298925,2.145283598032322,2.1414265120271496,2.1372702362834013,2.13281477080108,2.1280601155801895,2.1230062706207233,2.117653235922687,2.1120010114860746,2.1060495973108897,2.0997989933971355,2.093249199744805,2.086400216353905,2.0792520432244292,2.07180468035638,2.0640581277497616,2.056012385404567,2.047667453320803,2.0390233314984623,2.0300800199375533
PD22,pathway,japan,Industrial,Emissions,"Cement Production, Addtl Emissions",EM,Emissions,CO2e,IND,Mt,0.0,0.0,0.0,0.0,0.0,0.0,0.0,0.0,0.0,0.0,0.0,0.0,0.0,0.0,0.0,0.0,0.0,0.0,0.0,0.0,0.0,0.0,0.0,0.0,0.0,0.0,0.0,0.0,0.0,0.0,0.0,0.14589671952073857,0.14608700796907215,0.14626475376685022,0.1464299569140728,0.1465826174107363,0.2263128039306217,0.3633745066262186,0.5799498741963696,0.904305461175543,1.37165371725429,2.1352870137031204,3.147169409278181,4.463282137106429,6.139987088275674,8.227605661678703,10.59140299192908,13.039104211492013,15.841546047095122,18.951033620771284,22.104755570254543,22.184667654249953,22.261529038632823,22.335339723403198,22.40609970856115,22.47380899410655,22.56597622479929,22.65471069136903,22.740012393815732,22.82188133213934,22.900317506339903,22.93186976162637,22.990571780202735,23.04603206691128,23.098250621752058,23.147227444725132,23.192962535830386,23.23545589506792,23.27470752243764,23.310717417939646,23.343485581573834,23.37301201334026,23.399296713238975,23.422339681269865,23.44214091743304,23.458700421728402,23.472018194156,23.48209423471588,23.48892854340795,23.492521120232304,23.49287196518884,23.489981078277665,23.483848459498674,23.47447410885191,23.461858026337435,23.44600021195515,23.42690066570514,23.404559387587323,23.37897637760174,23.350151635748443,23.31808516202733,23.282776956438497,23.244227018981853,23.202435349657485,23.157401948465314,23.109126815405375,23.05760995047771,23.002851353682242,22.944851025019048,22.883608964488047,22.819125172089283,22.751399647822797,22.680432391688505,22.60622340368648,22.528772683816662,22.448080232079068,22.36414604847375,22.276970133000628,22.186552485659778,22.092893106451125,21.995991995374748
PD22,pathway,japan,Industrial,Emissions,Chemical Industry,EM,Emissions,CO2e,IND,Mt,0.0,0.0,0.0,0.0,0.0,0.0,0.0,0.0,0.0,0.0,0.0,0.0,0.0,0.0,0.0,0.0,0.0,0.0,0.0,0.0,0.0,0.0,0.0,0.0,0.0,0.0,0.0,0.0,0.0,0.0,0.0,0.0022733133751844936,0.0022762783854750612,0.0022790479604236635,0.002281622100030356,0.0022840008042950277,0.003526329624415292,0.005661978753381258,0.009036582935367354,0.01409058206994529,0.02137264464752059,0.033271320589350784,0.04903813009357377,0.0695453538149216,0.09567120369182258,0.1281997707548135,0.16503166186748358,0.20317091502661244,0.2468376165739875,0.2952886010404562,0.3444288306009582,0.34567399368606655,0.3468716218008504,0.34802171494531053,0.34912427311944794,0.3501792963232608,0.3516154149623624,0.3529980454310631,0.3543271877293623,0.355602841857259,0.35682500781475396,0.3573166443929826,0.3582313194070498,0.3590954828507534,0.35990913472409425,0.3606722750270735,0.3613849037596892,0.36204702092194296,0.3626586265138333,0.36321972053536183,0.36373030298652687,0.36419037386732933,0.3645999331777699,0.3649589809178469,0.36526751708756205,0.36552554168691376,0.36573305471590284,0.36589005617452997,0.3659965460627938,0.3660525243806957,0.3660579911282342,0.36601294630541087,0.36591738991222406,0.36577132194867457,0.3655747424147632,0.3653276513104884,0.3650300486358517,0.36468193439085167,0.3642833085754889,0.3638341711897642,0.3633345222336761,0.3627843617072261,0.3621836896104128,0.3615325059432374,0.3608308107056987,0.3600786038977974,0.35927588551953404,0.35842265557090747,0.35751891405191877,0.3565646609625668,0.35555989630285223,0.3545046200727756,0.3533988322723357,0.35224253290153373,0.3510357219603686,0.34977839944884065,0.34847056536695065,0.34711221971469747,0.34570336249208217,0.3442439936991036,0.342734113335763
PD22,pathway,japan,Industrial,Emissions,"Chemical Production, Addtl Emissions",EM,Emissions,CO2e,IND,Mt,0.0,0.0,0.0,0.0,0.0,0.0,0.0,0.0,0.0,0.0,0.0,0.0,0.0,0.0,0.0,0.0,0.0,0.0,0.0,0.0,0.0,0.0,0.0,0.0,0.0,0.0,0.0,0.0,0.0,0.0,0.0,0.06084853997958817,0.060927902793872946,0.061002034496889124,0.06107093508863315,0.06113460456910502,0.09438734293068052,0.15155109906954145,0.24187728978497702,0.37715492979455867,0.5720699295136331,0.8905553027375799,1.3125768985901143,1.861482577895118,2.560778960914165,3.431453384870558,4.41731253801581,5.438165138443832,6.606967936987423,7.903829028617202,9.219138767986369,9.252467369573987,9.28452362852121,9.315307544828066,9.344819118494577,9.373058349520694,9.411498154336304,9.44850627045004,9.48408269786188,9.518227436571804,9.55094048657983,9.564099854888806,9.588582462420762,9.611713054281566,9.633491630471237,9.6539181909898,9.67299273583721,9.690715265013505,9.70708577851865,9.722104276352681,9.735770758515558,9.748085225007307,9.759047675827944,9.768658110977423,9.776916530455793,9.783822934263009,9.789377322399094,9.793579694864066,9.796430051657888,9.797928392780598,9.798074718232156,9.796869028012603,9.794311322121896,9.790401600560054,9.785139863327103,9.778526110422998,9.770560341847782,9.761242557601413,9.750572757683914,9.738550942095301,9.725177110835537,9.710451263904659,9.694373401302629,9.676943523029484,9.658161629085189,9.638027719469765,9.616541794183224,9.593703853225534,9.569513896596728,9.543971924296773,9.517077936325688,9.488831932683487,9.459233913370134,9.428283878385669,9.395981827730056,9.362327761403305,9.327321679405442,9.290963581736431,9.253253468396302,9.214191339385025,9.173777194702632
PD22,pathway,japan,Industrial,Emissions,"Construction, Addtl Emissions",EM,Emissions,CO2e,IND,Mt,0.0,0.0,0.0,0.0,0.0,0.0,0.0,0.0,0.0,0.0,0.0,0.0,0.0,0.0,0.0,0.0,0.0,0.0,0.0,0.0,0.0,0.0,0.0,0.0,0.0,0.0,0.0,0.0,0.0,0.0,0.0,0.003620294881408692,0.003625016716812257,0.0036294273177085445,0.0036335266840976654,0.0036373148159793978,0.005615747141941907,0.00901680908724145,0.014390930570089389,0.022439520525740164,0.03403634398328664,0.05298521222027258,0.07809415688552429,0.11075230154816834,0.1523582154596722,0.20416057853165664,0.2628160671780385,0.32355355480291925,0.3930936093442925,0.4702527256271207,0.5485094778598372,0.550492423806817,0.552399669407495,0.5542312146618725,0.5559870595699513,0.5576672041317282,0.5599542504382294,0.5621561158138337,0.5642728002585402,0.5663043037723473,0.5682506263552566,0.5690335669771274,0.5704902043715698,0.5718664011274115,0.5731621572446541,0.5743774727232991,0.5755123475633436,0.5765667817647899,0.5775407753276361,0.5784343282518843,0.579247440537532,0.5799801121845807,0.5806323431930315,0.5812041335628817,0.581695483294134,0.582106392386786,0.5824368608408388,0.5826868886562936,0.582856475833148,0.5829456223714047,0.582954328271061,0.5828825935321194,0.5827304181545774,0.5824978021384359,0.5821847454836967,0.5817912481903571,0.5813173102584196,0.5807629316878818,0.5801281124787449,0.5794128526310098,0.5786171521446746,0.5777410110197413,0.5767844292562077,0.575747406854076,0.574629943813344,0.5734320401340132,0.5721536958160839,0.5707949108595546,0.5693556852644271,0.5678360190306995,0.5662359121583727,0.5645553646474477,0.5627943764979226,0.5609529477097993,0.5590310782830761,0.5570287682177533,0.5549460175138325,0.5527828261713117,0.5505391941901926,0.5482151215704734,0.5458106083121559
PD22,pathway,japan,Industrial,Emissions,Electronics Industry,EM,Emissions,CO2e,IND,Mt,0.0,0.0,0.0,0.0,0.0,0.0,0.0,0.0,0.0,0.0,0.0,0.0,0.0,0.0,0.0,0.0,0.0,0.0,0.0,0.0,0.0,0.0,0.0,0.0,0.0,0.0,0.0,0.0,0.0,0.0,0.0,0.09077273006437281,0.09089112204749483,0.09100171035526827,0.09110449498769668,0.09119947594478006,0.14080529794493124,0.2260811354128336,0.36082808135936695,0.5626327705836953,0.8534033734762492,1.3285139812707119,1.9580780170636451,2.7769253891627574,3.820122840277813,5.1189788931306435,6.589665401302622,8.112554488949575,9.856152954356782,11.7907864203526,13.752941238904482,13.802660232266534,13.850481168336096,13.896404047113197,13.94042886859788,13.982555632790072,14.03989942489133,14.095107450183468,14.148179708666465,14.199116200340288,14.247916925204956,14.267547828226277,14.304070530751531,14.338576321225949,14.371065199649562,14.401537166022413,14.42999222034443,14.456430362615672,14.480851592836085,14.503255911005729,14.523643317124536,14.542013811192549,14.55836739320979,14.572704063176191,14.585023821091827,14.595326666956632,14.603612600770633,14.609881622533866,14.614133732246268,14.6163689299079,14.616587215518699,14.614788589078731,14.61097305058793,14.605140600046324,14.59729123745395,14.587424962810744,14.575541776116767,14.56164167737196,14.545724666576351,14.527790743729971,14.507839908832763,14.48587216188478,14.461887502885967,14.435885931836376,14.407867448735962,14.377832053584747,14.345779746382755,14.311710527129938,14.275624395826346,14.237521352471926,14.197401397066706,14.155264529610708,14.111110750103887,14.064940058546284,14.016752454937864,13.966547939278636,13.914326511568632,13.860088171807801,13.803832919996193,13.745560756133761,13.685271680220554
PD22,pathway,japan,Industrial,Emissions,"Food Production, Addtl Emissions",EM,Emissions,CO2e,IND,Mt,0.0,0.0,0.0,0.0,0.0,0.0,0.0,0.0,0.0,0.0,0.0,0.0,0.0,0.0,0.0,0.0,0.0,0.0,0.0,0.0,0.0,0.0,0.0,0.0,0.0,0.0,0.0,0.0,0.0,0.0,0.0,0.005434185474676112,0.005441273109856204,0.005447893571478901,0.005454046859544315,0.005459732974052334,0.008429427035048564,0.013534536432774913,0.021601275153758093,0.033682481812703835,0.05108970737021412,0.07953260163934406,0.11722197967455628,0.1662429630941593,0.22869485180620308,0.30645195673300873,0.39449583571343255,0.48566486581492957,0.590046847580423,0.7058652995789612,0.8233313403874596,0.8263078095467762,0.8291706499173407,0.8319198614991545,0.8345554442922205,0.837077398296534,0.8405103324153879,0.8438154070662808,0.8469926222492112,0.8500419779641769,0.8529634742111796,0.8541386946543412,0.8563251568155861,0.8583908748484723,0.860335848753002,0.8621600785291774,0.8638635641769944,0.8654463056964565,0.8669083030875604,0.8682495563503098,0.8694700654847005,0.870569830490735,0.8715488513684149,0.8724071281177361,0.8731446607387027,0.8737614492313109,0.8742574935955628,0.8746327938314599,0.8748873499389987,0.875021161918183,0.8750342297690088,0.8749265534914802,0.8746981330855932,0.8743489685513495,0.8738790598887511,0.8732884070977945,0.8725770101784832,0.8717448691308136,0.8707919839547875,0.8697183546504067,0.8685239812176676,0.8672088636565736,0.8657730019671216,0.8642163961493146,0.8625390462031494,0.8607409521286279,0.8588221139257514,0.8567825315945169,0.8546222051349273,0.8523411345469797,0.8499393198306756,0.8474167609860167,0.8447734580129996,0.8420094109116275,0.8391246196818977,0.836119084323811,0.8329928048373693,0.8297457812225698,0.8263780134794151,0.8228895016079024,0.8192802456080349
PD22,pathway,japan,Industrial,Emissions,"Indirect N2O from Non-Ag N, Addtl Emissions",EM,Emissions,CO2e,IND,Mt,0.0,0.0,0.0,0.0,0.0,0.0,0.0,0.0,0.0,0.0,0.0,0.0,0.0,0.0,0.0,0.0,0.0,0.0,0.0,0.0,0.0,0.0,0.0,0.0,0.0,0.0,0.0,0.0,0.0,0.0,0.0,0.019523120381107706,0.019548583765727212,0.019572368759788183,0.019594475363289288,0.01961490357623097,0.030283971630324924,0.048624837210824,0.07760579707437731,0.12100933069515163,0.18354738016807914,0.28573271252212784,0.421137414459424,0.5972525958350112,0.821620304120751,1.1009742803600107,1.417285023923082,1.7448233381736444,2.1198311484743626,2.5359261807948603,2.9579404212147717,2.9686338298182853,2.9789190100806966,2.9887959620020124,2.998264685582241,3.007325180821366,3.0196585077523515,3.0315324805084565,3.0429470990896763,3.053902363496002,3.064398273727441,3.0686204281410334,3.0764756189845635,3.0838970185700947,3.0908846268976347,3.0974384439671923,3.1035584697787515,3.109244704332326,3.1144971476279038,3.1193157996654963,3.1237006604450914,3.127651729966696,3.131169008230317,3.134252495235939,3.136902190983577,3.139118095473217,3.1409002087048665,3.1422485306785313,3.1431630613941994,3.143643800851883,3.143690749051569,3.143303905993271,3.1424832716769755,3.1412288461026883,3.1395406292704173,3.137418621180149,3.1348628218318955,3.1318732312256454,3.1284498493614037,3.1245926762391782,3.120301711858955,3.1155769562207465,3.1104184093245415,3.104826071170351,3.0987999417581644,3.092340021087987,3.085446309159823,3.078118805973664,3.070357511529519,3.0621624258273776,3.0535335488672453,3.044470880649128,3.0349744211730134,3.0250441704389135,3.014680128446818,3.0038822951967306,2.9926506706886573,2.980985254922589,2.9688860478985335,2.9563530496164825,2.9433862600764464
PD22,pathway,japan,Industrial,Emissions,"Lime Production, Addtl Emissions",EM,Emissions,CO2e,IND,Mt,0.0,0.0,0.0,0.0,0.0,0.0,0.0,0.0,0.0,0.0,0.0,0.0,0.0,0.0,0.0,0.0,0.0,0.0,0.0,0.0,0.0,0.0,0.0,0.0,0.0,0.0,0.0,0.0,0.0,0.0,0.0,0.032056544251755525,0.03209835458227239,0.032137409031548714,0.032173707599581824,0.0322072502863735,0.04972563082824699,0.07984093809571213,0.1274270515954452,0.1986947213652499,0.3013808550986363,0.46916697558262577,0.6914985872725858,0.9806759316194342,1.3490828885466137,1.8077761161867811,2.3271515618326335,2.8649624373461187,3.480717205589628,4.1639363097152895,4.856874626378199,4.874432973579314,4.891321018614283,4.907538761483118,4.923086202185834,4.937963340722402,4.958214398586959,4.97771120676464,4.996453765255437,5.014442074059336,5.031676133176349,5.038608820019178,5.051506874631661,5.063692653317623,5.075166156077073,5.085927382910028,5.095976333816461,5.105313008796395,5.11393740784981,5.121849530976725,5.129049378177119,5.135536949451005,5.141312244798392,5.146375264219257,5.150726007713623,5.1543644752814695,5.1572906669228065,5.159504582637644,5.1610062224259625,5.1617955862877825,5.161872674223082,5.161237486231882,5.159890022314163,5.1578302824699325,5.1550582666992035,5.151573975001955,5.147377407378206,5.142468563827939,5.136847444351162,5.1305140489478855,5.12346837761809,5.115710430361793,5.107240207178978,5.098057708069661,5.088162933033828,5.077555882071484,5.0662365551826385,5.054204952367276,5.041461073625412,5.028004918957031,5.013836488362139,4.998955781840746,4.983362799392836,4.9670575410184234,4.950040006717495,4.932310196490055,4.9138681103361135,4.894713748255655,4.8748471102486945,4.854268196315216,4.832977006455237
PD22,pathway,japan,Industrial,Emissions,"Machinery, Addtl Emissions",EM,Emissions,CO2e,IND,Mt,0.0,0.0,0.0,0.0,0.0,0.0,0.0,0.0,0.0,0.0,0.0,0.0,0.0,0.0,0.0,0.0,0.0,0.0,0.0,0.0,0.0,0.0,0.0,0.0,0.0,0.0,0.0,0.0,0.0,0.0,0.0,0.0016967958639702296,0.0016990089408177034,0.0017010761451763667,0.001702997477046192,0.0017047729364272346,0.0026320443045904363,0.004226087892455654,0.006744884676495921,0.010517177982677234,0.015952492707731025,0.024833637008032677,0.03660194728448124,0.05190849180743806,0.07140876594374548,0.09568801343151473,0.12317925207216526,0.15164630273123697,0.18423902812827742,0.22040273126987206,0.25708088536116147,0.25801027221817974,0.25890417908290086,0.25976260595532535,0.2605855528354541,0.2613730197232855,0.26244493536571223,0.26347692756102503,0.2644689963092234,0.26542114161030667,0.2663333634642754,0.26670031987319853,0.267383031195662,0.26802804079841924,0.268635348681471,0.2692049548448179,0.2697368592884587,0.2702310620123945,0.2706875630166242,0.27110636230114904,0.27148745986596773,0.271830855711081,0.2721365498364893,0.27240454224219146,0.2726348329281887,0.27282742189447984,0.2729823091410654,0.27309949466794614,0.27317897847512074,0.2732207605625904,0.27322484093035404,0.27319121957841275,0.2731198965067654,0.2730108717154124,0.2728641452043545,0.27267971697359056,0.2724575870231217,0.2721977553529467,0.27190022196306624,0.2715649868534808,0.27119205002418934,0.2707814114751928,0.2703330712064903,0.2698470292180828,0.26932328550996926,0.26876184008215026,0.26816269293462613,0.2675258440673961,0.266851293480461,0.2661390411738199,0.26538908714747333,0.2646014314014217,0.2637760739356641,0.2629130147502014,0.2620122538450328,0.2610737912201586,0.2600976268755794,0.25908376081129425,0.25803219302730396,0.25694292352360776,0.2558159523002065
PD22,pathway,japan,Industrial,Emissions,Metal Industry,EM,Emissions,CO2e,IND,Mt,0.0,0.0,0.0,0.0,0.0,0.0,0.0,0.0,0.0,0.0,0.0,0.0,0.0,0.0,0.0,0.0,0.0,0.0,0.0,0.0,0.0,0.0,0.0,0.0,0.0,0.0,0.0,0.0,0.0,0.0,0.0,0.002575822515561599,0.0025791820788971243,0.002582320200367305,0.0025852368799722525,0.0025879321177118553,0.003995577267530692,0.0064154165962301835,0.010239078361455323,0.015965611670316904,0.02421669616742217,0.03769872540760533,0.0555636196025166,0.07879973353635522,0.10840214255118857,0.14525927643973846,0.1869923764400973,0.23020680876886235,0.27968422541271043,0.3345825680926876,0.3902618735080849,0.3916727300776979,0.39302972621250465,0.39433286191250594,0.3955821371777031,0.3967775520080937,0.39840477453095213,0.39997139122834946,0.401477402100285,0.40292280714675766,0.4043076063677682,0.4048646648804654,0.4059010554288932,0.4068802128471864,0.40780213713534585,0.40866682829337275,0.40947428632126504,0.41022451121902453,0.41091750298664953,0.4115532616241417,0.4121317871314993,0.4126530795087233,0.4131171387558147,0.4135239648727713,0.4138735578595951,0.4141659177162845,0.4144010444428402,0.4145789380392631,0.4146995985055516,0.4147630258417073,0.4147692200477284,0.41471818112361686,0.4146099090693708,0.41444440388499093,0.4142216655704783,0.4139416941258312,0.4136044895510513,0.4132100518461369,0.4127583810110889,0.41224947704590803,0.4116833399505927,0.41105996972514447,0.41037936636956185,0.4096415298838462,0.4088464602679963,0.4079941575220128,0.4070846216458962,0.4061178526396454,0.4050938505032616,0.40401261523674337,0.4028741468400916,0.4016784453133069,0.4004255106563877,0.3991153428693356,0.39774794195214924,0.39632330790482917,0.3948414407273761,0.39330234041978873,0.3917060069820683,0.3900524404142136,0.38834164071622596
PD22,pathway,japan,Industrial,Emissions,"Metal Production, Addtl Emissions",EM,Emissions,CO2e,IND,Mt,0.0,0.0,0.0,0.0,0.0,0.0,0.0,0.0,0.0,0.0,0.0,0.0,0.0,0.0,0.0,0.0,0.0,0.0,0.0,0.0,0.0,0.0,0.0,0.0,0.0,0.0,0.0,0.0,0.0,0.0,0.0,0.03973095688883621,0.03978277671153041,0.03983118088848414,0.03987616941969829,0.03991774230517109,0.061630064650501915,0.09895504782214193,0.15793338962708336,0.24626270837568587,0.37353214579232574,0.5814866610120868,0.8570449872529373,1.2154520729089002,1.6720565280949868,2.24056200109447,2.884277158848754,3.55084123205524,4.314009150563459,5.1607925267896775,6.019621918059755,6.0413837751772315,6.062314858202015,6.082415167134118,6.101684701973561,6.120123462720309,6.14522267181319,6.169387062057313,6.192616633452663,6.214911385999225,6.236271319697013,6.244863708193822,6.260849587636532,6.2759526706085,6.290172957109741,6.303510447140273,6.315965140700066,6.327537037789146,6.338226138407488,6.348032442555116,6.356955950232005,6.36499666143817,6.372154576173623,6.378429694438335,6.383822016232334,6.388331541555596,6.391958270408132,6.394702202789955,6.39656333870104,6.397541678141414,6.397637221111047,6.3968499676099695,6.395179917638153,6.3926270711956095,6.389191428282354,6.38487298889836,6.379671753043654,6.373587720718209,6.366620891922039,6.358771266655156,6.350038844917535,6.3404236267092,6.329925612030126,6.318544800880339,6.3062811932598155,6.293134789168567,6.279105588606602,6.264193591573903,6.248398798070489,6.231721208096337,6.21416082165146,6.19571763873587,6.176391659349541,6.156182883492497,6.13509131116472,6.113116942366214,6.090259777096994,6.066519815357038,6.041897057146366,6.016391502464959,5.990003151312837
PD22,pathway,japan,Industrial,Emissions,"Mining, Quarying, Addtl Emissions",EM,Emissions,CO2e,IND,Mt,0.0,0.0,0.0,0.0,0.0,0.0,0.0,0.0,0.0,0.0,0.0,0.0,0.0,0.0,0.0,0.0,0.0,0.0,0.0,0.0,0.0,0.0,0.0,0.0,0.0,0.0,0.0,0.0,0.0,0.0,0.0,0.0011880663787406376,0.0011896159359100489,0.0011910633557492,0.0011924086382580912,0.0011936517834366667,0.0018429107543454226,0.0029590318112169833,0.0047226486596198824,0.0073639415475785786,0.011169652546661718,0.017388072317702258,0.025628034514051407,0.03634540559478411,0.04999915179343628,0.06699905039870978,0.08624792825869555,0.10618005239224579,0.12900090082662682,0.15432208456216143,0.18000347773114744,0.1806542179298436,0.18128011566701488,0.1818811709426617,0.18245738375678464,0.1830087541093826,0.1837592904365007,0.18448187307381633,0.18517650202132915,0.1858431772790387,0.1864818988469454,0.18673883521811557,0.18721685758122206,0.18766848186866444,0.1880937080804432,0.18849253621655881,0.18886496627701033,0.18921099826179863,0.18953063217092286,0.18982386800438392,0.1900907057621809,0.1903311454443143,0.1905451870507845,0.19073283058159055,0.19089407603673342,0.19102892341621225,0.19113737272002745,0.19121942394817942,0.19127507710066738,0.19130433217749215,0.19130718917865286,0.19128364810415033,0.19123370895398378,0.19115737172815356,0.19105463642666015,0.1909255030495027,0.19076997159668205,0.19058804206819735,0.19037971446404903,0.19014498878423744,0.18988386502876184,0.18959634319762297,0.18928242329082012,0.18894210530835398,0.1885753892502239,0.18818227511643015,0.18776276290697308,0.18731685262185213,0.18684454426106786,0.18634583782461958,0.18582073331250773,0.18526923072473253,0.18469133006129343,0.18408703132219095,0.18345633450742463,0.18279923961699457,0.1821157466509012,0.1814058556091439,0.18066956649172328,0.17990687929863872,0.17911779402989086
PD22,pathway,japan,Industrial,Emissions,"Nitric Acid Production, Addtl Emissions",EM,Emissions,CO2e,IND,Mt,0.0,0.0,0.0,0.0,0.0,0.0,0.0,0.0,0.0,0.0,0.0,0.0,0.0,0.0,0.0,0.0,0.0,0.0,0.0,0.0,0.0,0.0,0.0,0.0,0.0,0.0,0.0,0.0,0.0,0.0,0.0,0.00011451266969928972,0.00011466202493018787,0.00011480153557784367,0.00011493120164225712,0.00011505102312342474,0.00017763033638013362,0.0002852085022275984,0.000455196035964011,0.0007097790335727095,0.001076595344855687,0.0016759624021471606,0.002470177343508762,0.003503179199780139,0.004819205775889105,0.006457753763393527,0.008313071304488398,0.010234244050517944,0.012433848656612418,0.014874449957506024,0.017349770315022644,0.01741249239753148,0.01747282002073904,0.01753075318464535,0.017586291889250476,0.017639436134554317,0.017711777141809902,0.017781423811691326,0.017848376144198555,0.017912634139331546,0.017974197797090335,0.017998962802086717,0.018045037346367074,0.01808856749230967,0.01812955323991454,0.018167994589181745,0.01820389154011119,0.018237244092702953,0.01826805224695696,0.01829631600287329,0.018322035360451856,0.01834521031969271,0.01836584088059589,0.0183839270431613,0.018399468807389033,0.018412466173279015,0.018422919140831277,0.018430827710045856,0.018436191880922683,0.01843901165346183,0.018439287027663225,0.018437018003526935,0.018432204581052894,0.01842484676024113,0.018414944541091684,0.01840249792360449,0.018387506907779606,0.018369971493616976,0.018349891681116625,0.018327267470278595,0.018302098861102806,0.01827438585358934,0.018244128447738116,0.018211326643549207,0.01817598044102255,0.018138089840158175,0.018097654840956115,0.018054675443416306,0.01800915164753881,0.017961083453323562,0.017910470860770595,0.017857313869879946,0.017801612480651548,0.01774336669308546,0.01768257650718163,0.017619241922940072,0.01755336294036083,0.01748493955944384,0.017413971780189157,0.017340459602596732,0.01726440302666662
PD22,pathway,japan,Industrial,Emissions,"Non-ferrous Metal Production, Addtl Emissions",EM,Emissions,CO2e,IND,Mt,0.0,0.0,0.0,0.0,0.0,0.0,0.0,0.0,0.0,0.0,0.0,0.0,0.0,0.0,0.0,0.0,0.0,0.0,0.0,0.0,0.0,0.0,0.0,0.0,0.0,0.0,0.0,0.0,0.0,0.0,0.0,0.0009802084267144517,0.0009814868813717847,0.0009826810681181908,0.0009837909869536698,0.0009848166378781664,0.0015204846155203455,0.002441334901965325,0.003896398463424433,0.006075584401623008,0.009215467877574463,0.014345945071014582,0.021144286077206267,0.02998660131610388,0.04125155866160693,0.05527724288629157,0.0711584365811724,0.08760333931357274,0.1064315700761213,0.12732269040078362,0.14851099977848972,0.14904788983596273,0.1495642837405585,0.15006018149227734,0.1505355830911197,0.15099048853708472,0.1516097149082377,0.1522058782226521,0.15277897848032765,0.15332901568126392,0.1538559898254612,0.15406797393734004,0.15446236397888938,0.1548349744156305,0.15518580524756365,0.1555148564746893,0.1558221280970067,0.15610762011451648,0.15637133252721805,0.156613265335112,0.1568334185381977,0.15703179213647556,0.15720838612994584,0.15736320051860783,0.1574962353024622,0.15760749048150838,0.15769696605574665,0.1577646620251773,0.15781057838979978,0.15783471514961467,0.1578370723046213,0.15781764985482036,0.15777644780021116,0.15771346614079407,0.15762870487656938,0.15752216400753646,0.15739384353369593,0.15724374345504719,0.15707186377159055,0.15687820448332634,0.15666276559025386,0.15642554709237377,0.1561665489896855,0.15588577128218956,0.15558321396988542,0.15525887705277341,0.15491276053085373,0.1545448644041259,0.15415518867259043,0.15374373333624677,0.1533104983950952,0.152855483849136,0.15237868969836862,0.15188011594279358,0.1513597625824104,0.15081762961721926,0.1502537170472205,0.1496680248724135,0.1490605530927989,0.14843130170837612,0.1477802707191457
PD22,pathway,japan,Industrial,Emissions,"Non-metalic Mineral Production, Addtl Emissions",EM,Emissions,CO2e,IND,Mt,0.0,0.0,0.0,0.0,0.0,0.0,0.0,0.0,0.0,0.0,0.0,0.0,0.0,0.0,0.0,0.0,0.0,0.0,0.0,0.0,0.0,0.0,0.0,0.0,0.0,0.0,0.0,0.0,0.0,0.0,0.0,0.006799756253622724,0.006808624959312448,0.0068169090941714305,0.00682460865819956,0.006831723651396393,0.010547679953717637,0.01693566573638683,0.02702951647445262,0.04214664137077717,0.06392817448084387,0.09951855855568426,0.1466789996529505,0.20801859509361653,0.2861641833881663,0.3834610759866195,0.49362973318101044,0.6077088689518246,0.7383212738068023,0.8832440496178152,1.0302284411697953,1.0339528751027363,1.0375351261693562,1.040975194369657,1.0442730797036424,1.0474287821713064,1.0517243873455744,1.0558600029094576,1.059835628862954,1.063651265206061,1.0673069119387806,1.0687774566220662,1.0715133606178937,1.0740981783753658,1.076531909894485,1.0788145551752542,1.0809461142176677,1.082926587021731,1.0847559735874392,1.0864342739147967,1.087961488003799,1.089337615854449,1.0905626574667484,1.091636612840692,1.0925594819762856,1.0933312648735236,1.0939519615324091,1.0944215719529442,1.0947400961351241,1.0949075340789536,1.094923885784428,1.0947891512515517,1.0945033304803204,1.0940664234707362,1.0934784302228016,1.0927393507365117,1.0918491850118714,1.0908079330488762,1.089615594847528,1.0882721704078293,1.0867776597297754,1.0851320628133707,1.0833353796586114,1.0813876102655011,1.079288754634036,1.0770388127642183,1.0746377846560493,1.072085670309526,1.0693824697246517,1.0665281829014224,1.0635228098398406,1.060366350539908,1.0570588050016203,1.0536001732249818,1.0499904552099888,1.0462296509566427,1.0423177604649456,1.038254783734894,1.0340407207664912,1.0296755715597339,1.0251593361146256
PD22,pathway,japan,Industrial,Emissions,"Other Industrial, Addtl Emissions",EM,Emissions,CO2e,IND,Mt,0.0,0.0,0.0,0.0,0.0,0.0,0.0,0.0,0.0,0.0,0.0,0.0,0.0,0.0,0.0,0.0,0.0,0.0,0.0,0.0,0.0,0.0,0.0,0.0,0.0,0.0,0.0,0.0,0.0,0.0,0.0,0.009145495830275685,0.009157424009445858,0.009168565956007235,0.009178921669960483,0.009188491151304934,0.014186356015984725,0.02277803124083322,0.036353998730435544,0.056686139699670735,0.08598173689537814,0.13384988054846159,0.19727945086272336,0.27977961607592916,0.38488340586567005,0.5157452033137552,0.6639191903535951,0.8173526696724427,0.9930229671698072,1.187940342507409,1.3856305375549232,1.390639804612945,1.3954578394028416,1.4000846419246167,1.404520212178274,1.4087645501638062,1.4145420277298362,1.4201043234187392,1.4254514372305123,1.430583369165152,1.4355001192226613,1.4374779636876092,1.4411576836147089,1.444634196469179,1.447907502251023,1.4509776009602453,1.4538444925968383,1.4565081771608084,1.4589686546521496,1.4612259250708683,1.4632799884169576,1.4651308446904217,1.4667784938912627,1.4682229360194747,1.469464171075064,1.4705021990580245,1.4713370199683593,1.4719686338060711,1.4723970405711542,1.4726222402636147,1.4726442328834464,1.4724630184306555,1.4720785969052357,1.4714909683071893,1.4707001326365208,1.4697060898932235,1.4685088400773032,1.4671083831887544,1.4655047192275792,1.4636978481937817,1.4616877700873554,1.459474484908306,1.4570579926566276,1.4544382933323263,1.4516153869353967,1.4485892734658414,1.4453599529236627,1.4419274253088559,1.4382916906214254,1.4344527488613665,1.430410600028682,1.4261652441233745,1.4217166811454385,1.417064911094879,1.4122099339716916,1.407151749775878,1.4018903585074411,1.396425760166376,1.3907579547526872,1.3848869422663703,1.3788127227074303
PD22,pathway,japan,Industrial,Emissions,"Other Mineral Production, Addtl Emissions",EM,Emissions,CO2e,IND,Mt,0.0,0.0,0.0,0.0,0.0,0.0,0.0,0.0,0.0,0.0,0.0,0.0,0.0,0.0,0.0,0.0,0.0,0.0,0.0,0.0,0.0,0.0,0.0,0.0,0.0,0.0,0.0,0.0,0.0,0.0,0.0,0.0035232193571742565,0.003527814580060795,0.003532106913962718,0.0035360963588801364,0.003539782914812939,0.005465165044176323,0.008775030033949083,0.01400504843201067,0.02183782141283286,0.033123684643803,0.05156445302207252,0.07600011994443368,0.1077825606609899,0.14827284282521425,0.19868616392229743,0.2557688491103709,0.31487770601731013,0.3825530955324826,0.45764324729502043,0.5338016027129114,0.5357313774338897,0.5375874816572505,0.5393699153829951,0.5410786786111252,0.5427137713416379,0.5449394921963665,0.5470823161837325,0.5491422433037348,0.5511192735563722,0.5530134069416457,0.5537753535909806,0.555192932333209,0.5565322273929462,0.5577932387701933,0.5589759664649521,0.5600804104772196,0.5611065708069983,0.5620544474542861,0.5629240404190851,0.5637153497013929,0.564428375301211,0.5650631172185404,0.5656195754533785,0.5660977500057279,0.5664976408755863,0.5668192480629548,0.5670625715678346,0.5672276113902233,0.5673143675301233,0.5673228399875322,0.5672530287624524,0.5671049338548816,0.5668785552648208,0.5665738929922712,0.5661909470372307,0.5657297173997015,0.5651902040796811,0.5645724070771709,0.563876326392172,0.563101962024682,0.5622493139747031,0.5613183822422333,0.5603091668272745,0.559221667729825,0.5580558849498856,0.5568118184874571,0.5554894683425379,0.5540888345151297,0.5526099170052307,0.5510527158128417,0.5494172309379638,0.5477034623805951,0.5459114101407373,0.5440410742183889,0.5420924546135504,0.5400655513262229,0.5379603643564047,0.5357768937040974,0.5335151393692993,0.5311751013520123
PD22,pathway,japan,Industrial,Emissions,Other Product Manufacture and Use,EM,Emissions,CO2e,IND,Mt,0.0,0.0,0.0,0.0,0.0,0.0,0.0,0.0,0.0,0.0,0.0,0.0,0.0,0.0,0.0,0.0,0.0,0.0,0.0,0.0,0.0,0.0,0.0,0.0,0.0,0.0,0.0,0.0,0.0,0.0,0.0,0.015128381709652139,0.015148113176478795,0.015166544065705612,0.015183674377333034,0.015199504111360174,0.02346691889228758,0.03767917646027952,0.060136397159088695,0.0937696080057635,0.14223007259005715,0.2214130455371328,0.32633756457925234,0.4628084584069021,0.6366700270499583,0.853140217376005,1.0982480471733758,1.352056073031456,1.6426480064715705,1.965078250897359,2.2920952641284797,2.3003815402960837,2.3083514820843294,2.316005089493222,2.3233423625227685,2.330363301172955,2.339920342973632,2.349121433207046,2.357966571873193,2.3664557589720667,2.374588994503673,2.3778607237333778,2.3839476772102453,2.3896984877137966,2.395113155244038,2.4001916798009755,2.404934061384597,2.4093402999949136,2.4134103956319146,2.4171443482956114,2.4205421579859916,2.4236038247030627,2.4263293484468287,2.428718729217279,2.430771967014424,2.432489061838254,2.4338700136887743,2.434914822565989,2.435623488469889,2.4359960114004844,2.436032391357764,2.435732628341739,2.4350967223523985,2.4341246733897473,2.432816481453792,2.4311721465445206,2.429191668661945,2.4268750478060537,2.4242222839768526,2.421233377174346,2.4179083273985245,2.4142471346493974,2.4102497989269556,2.405916320231208,2.401246698562146,2.396240933919774,2.390899026304096,2.3852209757151037,2.379206782152805,2.3728564456171926,2.36616996610827,2.3591473436260415,2.3517885781704986,2.3440936697416492,2.336062618339487,2.327695423964013,2.3189920866152334,2.3099526062931397,2.3005769829977396,2.2908652167290255,2.280817307487006
PD22,pathway,japan,Industrial,Emissions,Product Uses as Substitutes for Ozone Depleting Substances,EM,Emissions,CO2e,IND,Mt,0.0,0.0,0.0,0.0,0.0,0.0,0.0,0.0,0.0,0.0,0.0,0.0,0.0,0.0,0.0,0.0,0.0,0.0,0.0,0.0,0.0,0.0,0.0,0.0,0.0,0.0,0.0,0.0,0.0,0.0,0.0,0.2910808914635794,0.29146053900711166,0.2918151625068077,0.2921447619626676,0.29244933737469125,0.45152031474142973,0.7249743220502083,1.157067320908972,1.804194368859271,2.7366083905742045,4.260145461262056,6.278968302021127,8.904765971367269,12.249986984635889,16.415028374039387,21.13107844280528,26.014526510502115,31.60572328628854,37.80951195209131,44.10155333245519,44.260987216400665,44.41433460048705,44.561595484714424,44.70276986908294,44.83785775359234,45.02174207780401,45.19877763910731,45.36896443750217,45.53230247298846,45.68879174556629,45.75174215751962,45.868859498841964,45.97950920878047,46.083691287335235,46.181405734506406,46.272652550293735,46.35743173469743,46.43574328771731,46.50758720935356,46.572963499605976,46.63187215847468,46.68431318595976,46.730286582061,46.76979234677861,46.8028304801124,46.82940098206246,46.84950385262889,46.86313909181151,46.87030669961051,46.87100667602567,46.865239021057214,46.853003734704934,46.83430081696892,46.80913026784928,46.77749208734581,46.73938627545871,46.69481283218781,46.643771757533166,46.586263051494896,46.522286714072806,46.45184274526708,46.37493114507753,46.29155191350435,46.20170505054735,46.105390556206636,46.00260843048227,45.89335867337411,45.77764128488229,45.65545626500667,45.526803613747326,45.39168333110433,45.25009541707754,45.10203987166709,44.947516694872846,44.78652588669487,44.61906744713324,44.44514137618781,44.26474767385873,44.077886340145845,43.88455737504932
PD22,pathway,japan,Industrial,Emissions,"Pulp-Paper Production, Addtl Emissions",EM,Emissions,CO2e,IND,Mt,0.0,0.0,0.0,0.0,0.0,0.0,0.0,0.0,0.0,0.0,0.0,0.0,0.0,0.0,0.0,0.0,0.0,0.0,0.0,0.0,0.0,0.0,0.0,0.0,0.0,0.0,0.0,0.0,0.0,0.0,0.0,0.006022986375048167,0.006030841964504874,0.006038179761555851,0.006044999766200765,0.00605130197844006,0.009342766163973448,0.01500102065103981,0.023941800761319576,0.03733202151106452,0.05662534207379788,0.08815006007399007,0.1299231301040764,0.18425559935887859,0.2534742295586665,0.33965641559552695,0.43723996072417204,0.5382872710683964,0.6539791731766081,0.7823467015977729,0.9125403371697363,0.915839310544101,0.9190123433060853,0.9220594354556915,0.9249805869929224,0.9277757979177729,0.9315806948099841,0.935243878498434,0.9387653489831209,0.9421451062640422,0.9453831503412,0.9466857074125086,0.9491090755268479,0.9513986167331143,0.9535543310313099,0.9555762184214375,0.9574642789034923,0.9592185124774784,0.9608389191433917,0.9623254989012364,0.9636782517510083,0.9648971776927099,0.965982276726343,0.9669335488519029,0.9677509940693944,0.9684346123788132,0.9689844037801614,0.9694003682734409,0.9696825058586479,0.9698308165357864,0.969845300304852,0.9697259571658492,0.9694727871187738,0.9690857901636274,0.9685649663004126,0.9679103155291251,0.967121837849769,0.9661995332623404,0.9651434017668411,0.9639534433632729,0.9626296580516323,0.9611720458319228,0.959580606704141,0.9578553406682901,0.955996247724367,0.9540033278723732,0.9518765811123105,0.9496160074441755,0.9472216068679715,0.9446933793836954,0.9420313249913483,0.9392354436909325,0.9363057354824442,0.9332422003658869,0.9300448383412576,0.9267136494085575,0.9232486335677882,0.9196497908189467,0.9159171211620363,0.9120506245970534,0.9080503011240018
PD22,pathway,japan,Industrial,Emissions,"Solid Waste Disposal, Addtl Emissions",EM,Emissions,CO2e,IND,Mt,0.0,0.0,0.0,0.0,0.0,0.0,0.0,0.0,0.0,0.0,0.0,0.0,0.0,0.0,0.0,0.0,0.0,0.0,0.0,0.0,0.0,0.0,0.0,0.0,0.0,0.0,0.0,0.0,0.0,0.0,0.0,0.02179009253763775,0.021818512661898826,0.021845059505408937,0.021869733068168085,0.021892533350176713,0.033800464851436285,0.0542710223452163,0.08661717321295859,0.1350606082579211,0.20486040760030422,0.3189112255289146,0.4700387567661948,0.6666039586675563,0.917024640944101,1.2288164485129958,1.5818563436907285,1.9474275248246777,2.3659802320393095,2.8303910988333825,3.301408496229018,3.3133435946387393,3.3248230623318804,3.3358468993084496,3.3464151055684574,3.3565276811118845,3.370293120748429,3.3835458672404957,3.3962859205880798,3.408513280791172,3.4202279478497792,3.4249403674622405,3.4337076819099335,3.4419908344270898,3.4497898250137187,3.4571046536698287,3.463935320395403,3.4702818251904564,3.4761441680549754,3.4815223489889737,3.486416367992437,3.4908262250653737,3.494751920207789,3.498193453419669,3.5011508247010283,3.503624034051853,3.5056130814721507,3.507117966961927,3.5081386905211693,3.5086752521498914,3.508727651848078,3.508295889615745,3.507379965452877,3.50597987935948,3.504095631335564,3.5017272213811124,3.49887464949614,3.495537915680633,3.491717019934599,3.487411962258044,3.4826227426509546,3.4773493611133435,3.4715918176451983,3.4653501122465316,3.4586242449173317,3.451414215657604,3.443720024467354,3.4355416713465714,3.426879156295267,3.4177324793134285,3.4081016404010622,3.397986639558175,3.3873874767847534,3.37630415208081,3.3647366654463338,3.3526850168813294,3.340149206385803,3.3271292339597434,3.3136250996031613,3.299636803316046,3.2851643450984094
PD22,pathway,japan,Industrial,Emissions,"Steel Production, Addtl Emissions",EM,Emissions,CO2e,IND,Mt,0.0,0.0,0.0,0.0,0.0,0.0,0.0,0.0,0.0,0.0,0.0,0.0,0.0,0.0,0.0,0.0,0.0,0.0,0.0,0.0,0.0,0.0,0.0,0.0,0.0,0.0,0.0,0.0,0.0,0.0,0.0,0.004321913489377827,0.0043275504236037765,0.004332815805605628,0.00433770963538338,0.0043422319129369225,0.006704087407445991,0.010764280287060224,0.01717991461827184,0.026788333445818213,0.040632638779200314,0.06325382625827225,0.09322892226773472,0.13221626461941882,0.18188546739498068,0.24372720655611113,0.31375021736350694,0.3862587216914039,0.4692757436798114,0.5613884130658646,0.6548114419042956,0.6571786857663824,0.6594555584408865,0.6616420599278096,0.6637381902271536,0.665743949338915,0.6684742286688277,0.6711028188749699,0.6736297199573407,0.6760549319159382,0.6783784547507639,0.6793131304459462,0.681052066364261,0.6826949721268978,0.6842418477338581,0.6856926931851439,0.6870475084807518,0.6883062936206847,0.68946904860494,0.6905357734335204,0.6915064681064228,0.6923811326236492,0.6931597669852008,0.6938423711910743,0.694428945241273,0.6949194891357938,0.6953140028746385,0.6956124864578082,0.6958149398853003,0.6959213631571175,0.695931756273257,0.6958461192337215,0.6956644520385085,0.6953867546876189,0.6950130271810544,0.6945432695188123,0.6939774817008952,0.6933156637273006,0.6925578155980295,0.6917039373130836,0.69075402887246,0.6897080902761612,0.6885661215241848,0.6873281226165333,0.6859940935532045,0.6845640343341992,0.6830379449595189,0.6814158254291611,0.6796976757431281,0.6778834959014176,0.6759732859040307,0.6739670457509689,0.6718647754422294,0.6696664749778148,0.667372144357723,0.6649817835819544,0.6624953926505108,0.6599129715633898,0.6572345203205935,0.6544600389221198,0.651589527367971
PD22,pathway,japan,Industrial,Emissions,"Textile, Leather Production, Addtl Emissions",EM,Emissions,CO2e,IND,Mt,0.0,0.0,0.0,0.0,0.0,0.0,0.0,0.0,0.0,0.0,0.0,0.0,0.0,0.0,0.0,0.0,0.0,0.0,0.0,0.0,0.0,0.0,0.0,0.0,0.0,0.0,0.0,0.0,0.0,0.0,0.0,0.0007618898299911747,0.0007628835386504773,0.000763811748113255,0.0007646744583795911,0.0007654716694493746,0.0011818320814747235,0.0018975844144132614,0.003028566457877524,0.004722389484413253,0.007162937048060758,0.01115071994213944,0.016434888831393712,0.023307784299833267,0.032063734772113106,0.04296552451215149,0.055309552205125415,0.06809173587702697,0.08272641677116654,0.09896452662483625,0.1154336335919033,0.11585094389394096,0.11625232308377276,0.11663777116139892,0.11700728812681985,0.11736087398003485,0.11784218209959996,0.11830556392114645,0.1187510194446741,0.11917854867018261,0.11958815159767221,0.11975292118601534,0.1200594700316659,0.12034909017220394,0.12062178160762971,0.12087754433794361,0.12111637836314496,0.12133828368323432,0.12154326029821122,0.12173130820807614,0.12190242741282854,0.12205661791246875,0.12219387970699698,0.12231421279641269,0.12241761718071642,0.12250409285990767,0.1225736398339867,0.12262625810295374,0.1226619476668083,0.1226807085255509,0.122682540679181,0.12266744412769914,0.1226354188711048,0.12258646490939819,0.1225205822425796,0.12243777087064855,0.1223380307936055,0.12222136201145,0.12208776452418225,0.12193723833180252,0.1217697834343103,0.12158539983170609,0.12138408752398941,0.12116584651116072,0.12093067679321959,0.12067857837016623,0.12040955124200083,0.12012359540872301,0.11982071087033315,0.11950089762683086,0.11916415567821632,0.11881048502448979,0.11843988566565081,0.11805235760169978,0.11764790083263635,0.11722651535846065,0.11678820117917293,0.11633295829477276,0.11586078670526057,0.11537168641063594,0.11486565741089931
PD22,pathway,japan,Industrial,Emissions,"Transportation Equipment Production, Addtl Emissions",EM,Emissions,CO2e,IND,Mt,0.0,0.0,0.0,0.0,0.0,0.0,0.0,0.0,0.0,0.0,0.0,0.0,0.0,0.0,0.0,0.0,0.0,0.0,0.0,0.0,0.0,0.0,0.0,0.0,0.0,0.0,0.0,0.0,0.0,0.0,0.0,0.0006358541739450024,0.0006366834983090042,0.0006374581586837541,0.0006381781550692522,0.0006388434874654708,0.0009863274614343304,0.0015836764356490368,0.0025275657286744357,0.00394118801230485,0.0059780078961909205,0.009306111643179932,0.013716146679481178,0.0194520931361305,0.026759590146189588,0.03585795087605338,0.0461599672869578,0.05682765770619403,0.06904139591949944,0.08259331579163251,0.09633802007030458,0.0966862967986919,0.09702127781975654,0.09734296313349873,0.09765135273991873,0.09794644663901603,0.0983481343433691,0.09873486120828077,0.09910662723375087,0.09946343241977915,0.09980527676636583,0.09994278933887042,0.10019862732928853,0.10044033704632437,0.10066791848997818,0.10088137166025021,0.10108069655714001,0.10126589318064798,0.10143696153077374,0.10159390160751766,0.10173671341087935,0.10186539694085905,0.10197995219745694,0.10208037918067255,0.10216667789050637,0.10223884832695794,0.10229689049002752,0.10234080437971528,0.1023705899960208,0.10238624733894455,0.10238777640848604,0.10237517720464573,0.10234844972742319,0.1023075939768186,0.10225260995283221,0.1021834976554636,0.10210025708471315,0.10200288824058051,0.10189139112306583,0.10176576573216935,0.10162601206789061,0.10147213013023007,0.10130411991918731,0.1011219814347627,0.10092571467695591,0.10071531964576708,0.1004907963411964,0.10025214476324355,0.09999936491190885,0.09973245678719193,0.099451420389093,0.09915625571761225,0.09884696277274928,0.09852354155450445,0.09818599206287748,0.09783431429786843,0.09746850825947753,0.09708857394770445,0.0966945113625495,0.09628632050401238,0.09586400137209342
PD22,pathway,japan,Industrial,Emissions,"Waste Combustion, Addtl Emissions",EM,Emissions,CO2e,IND,Mt,0.0,0.0,0.0,0.0,0.0,0.0,0.0,0.0,0.0,0.0,0.0,0.0,0.0,0.0,0.0,0.0,0.0,0.0,0.0,0.0,0.0,0.0,0.0,0.0,0.0,0.0,0.0,0.0,0.0,0.0,0.0,0.0020315889124148945,0.002034238649181175,0.002036713731507822,0.0020390141593946143,0.0020411399328418844,0.003151370261876396,0.005059932952167057,0.008075710941576664,0.012592311563930314,0.019100062652542438,0.029733536409269123,0.043823839894303385,0.062150502989452294,0.08549835617886153,0.1145681170412651,0.14748362373057083,0.18156747890499553,0.2205910414607642,0.26389016771064855,0.3078052506985083,0.3089180139213302,0.3099882966310309,0.311016098827611,0.3120014205110715,0.31294426168141065,0.3142276758978402,0.31546328941282753,0.316651102226372,0.31779111433847285,0.31888332574913075,0.3193226859500471,0.3201401023420528,0.32091237812677614,0.3216395133042177,0.3223215078743784,0.3229583618372566,0.3235500751928538,0.32409664794116866,0.3245980800822025,0.3250543716159538,0.32546552254242356,0.32583153286161237,0.3261524025735186,0.3264281316781439,0.32665872017548675,0.32684416806554795,0.3269844753483281,0.32707964202382594,0.3271296680920428,0.32713455355297716,0.3270942984066306,0.3270089026530017,0.32687836629209094,0.32670268932389923,0.3264818717484252,0.3262159135656701,0.32590481477563266,0.3255485753783135,0.3251471953737133,0.32470067476183073,0.32420901354266707,0.32367221171622107,0.32309026928249396,0.3224631862414846,0.3217909625931937,0.3210735983376215,0.32031109347476705,0.3195034480046315,0.31865066192721364,0.31775273524251413,0.31680966795053345,0.31582146005127054,0.3147881115447264,0.31370962243090017,0.3125859927097921,0.3114172223814029,0.31020331144573143,0.30894425990277885,0.307640067752544,0.30629073499502796
PD22,pathway,japan,Industrial,Emissions,"Wastewater Handling, Addtl Emissions",EM,Emissions,CO2e,IND,Mt,0.0,0.0,0.0,0.0,0.0,0.0,0.0,0.0,0.0,0.0,0.0,0.0,0.0,0.0,0.0,0.0,0.0,0.0,0.0,0.0,0.0,0.0,0.0,0.0,0.0,0.0,0.0,0.0,0.0,0.0,0.0,0.05087978658247483,0.05094614746894255,0.05100813425169193,0.05106574693072208,0.051118985506033,0.07892396211988917,0.12672263918877924,0.20225078346226066,0.31536602756469634,0.47834830439099285,0.7446565481830243,1.0975387822904352,1.5565178116363212,2.1412491911869083,2.8692819244057954,3.6936287917132717,4.547236166012857,5.524555210427776,6.608952890164541,7.708776794754526,7.7366452060005315,7.763449721185521,7.78919034030951,7.813867063372524,7.837479890374519,7.8696221417078505,7.900567256419193,7.9303152345085355,7.958866075975857,7.986219780821175,7.9972232634247895,8.017694910675921,8.037036041585534,8.055246656153644,8.072326754380274,8.088276336265388,8.103095401809014,8.116783951011126,8.129341983871752,8.140769500390862,8.151066500568472,8.1602329844046,8.168268951899204,8.17517440305233,8.180949337863938,8.185593756334043,8.189107658462667,8.191491044249773,8.192743913695395,8.192866266799502,8.191858103562126,8.189719423983231,8.186450228062833,8.182050515800952,8.176520287197558,8.169859542252677,8.162068280966281,8.153146503338384,8.143094209369004,8.131911399058104,8.119598072405722,8.106154229411825,8.091579870076439,8.07587499439954,8.05903960238114,8.041073694021252,8.021977269319853,8.001750328276966,7.980392870892564,7.957904897166662,7.934286407099275,7.909537400690374,7.883657877939983,7.856647838848081,7.828507283414677,7.799236211639786,7.768834623523381,7.73730251906549,7.704639898266084,7.670846761125191
PD22,pathway,japan,Industrial,Emissions,"Wood Production, Addtl Emissions",EM,Emissions,CO2e,IND,Mt,0.0,0.0,0.0,0.0,0.0,0.0,0.0,0.0,0.0,0.0,0.0,0.0,0.0,0.0,0.0,0.0,0.0,0.0,0.0,0.0,0.0,0.0,0.0,0.0,0.0,0.0,0.0,0.0,0.0,0.0,0.0,0.0006374049146708888,0.0006382362616166593,0.0006390128112569587,0.0006397345635918011,0.0006404015186211448,0.0009887329471984507,0.0015875387544730668,0.0025337300337515967,0.00395079990290724,0.0059925872458030105,0.009328807674622394,0.013749598040075542,0.019499533499449564,0.02682485225808265,0.03594540235006868,0.046272543635609065,0.05696625074650529,0.06920977620040576,0.0827947469117419,0.09657297219816006,0.09692209831454975,0.09725789629763656,0.09758036614742076,0.09788950786390266,0.09818532144708168,0.09858798879976884,0.098975658826059,0.09934833152595199,0.09970600689944754,0.10004868494654588,0.10018653288894383,0.1004429948249256,0.10068529403105722,0.10091343050733892,0.10112740425377101,0.10132721527035295,0.10151286355708519,0.10168434911396734,0.1018416719409998,0.10198483203818212,0.10211382940551457,0.10222866404299732,0.10232933595062994,0.10241584512841287,0.1024881915763457,0.10254637529442863,0.10259039628266187,0.10262025454104501,0.10263595006957846,0.1026374828682618,0.10262485293709546,0.10259806027607901,0.10255710488521264,0.10250198676449657,0.10243270591393043,0.10234926233351457,0.10225165602324861,0.10213988698313275,0.1020139552131672,0.10187386071335154,0.10171960348368618,0.10155118352417072,0.10136860083480553,0.10117185541559029,0.10096094726652516,0.10073587638761028,0.10049664277884535,0.10024324644023068,0.09997568737176593,0.09969396557345128,0.09939808104528693,0.09908803378727249,0.0987638237994083,0.09842545108169408,0.09807291563412993,0.09770621745671605,0.0973253565494521,0.09693033291233842,0.09652114654537468,0.09609779744856121
PD22,pathway,japan,Industrial,Natural gas,Natural gas,NATGAS,Energy industry own use and Losses,CO2e,ECOKEOVS,Mt,0.0,0.0,0.0,0.0,0.0,0.0,0.0,0.0,0.0,0.0,0.0,0.0,0.0,0.0,0.0,0.0,0.0,0.0,0.0,0.0,0.0,0.0,0.0,0.0,0.0,0.0,0.0,0.0,0.0,0.0,0.0,0.0,0.0001934626370746484,0.0004151212229649495,0.0006678376137099137,0.0009546283353750323,0.00125279232231916,0.0015780810003974202,0.001932048393245317,0.0023161128851445084,0.002731502975254617,0.003196724330038904,0.003700168350730164,0.004242680504036974,0.004824694037984453,0.005446175065343232,0.006103720726935061,0.0067984698280723795,0.007528691423070447,0.008292049145473053,0.00908559179933072,0.009911302431876306,0.010760362324831817,0.011628101861234193,0.01250937280607593,0.013398643552042306,0.014310997143994154,0.015221936765689252,0.01612546762826874,0.017015730908323548,0.017887149828531297,0.018691535588161258,0.019495145862096892,0.020265303593214365,0.020998753024709757,0.021692938362661816,0.02234600177921127,0.02295675733862206,0.023524645266133563,0.024049671520788525,0.024532337684512323,0.024973565839804913,0.025374622496489994,0.025737044862467317,0.026062571937642345,0.026353082124352157,0.026610538346311427,0.026836941082215352,0.02703428926089344,0.027204548629083614,0.027349626977918817,0.02747135548249116,0.02757147535113812,0.02765162897877318,0.027713354835085312,0.027758085379903142,0.027787147373467998,0.027801764030522834,0.02780305854810219,0.02779205861376609,0.02776970157136903,0.027736839984039828,0.02769424738847596,0.027642624081055982,0.02758260281516658,0.02751475432122256,0.027439592586931898,0.027357579856231478,0.02726913132178373,0.027174619498686915,0.027074378276769995,0.026968706656071522,0.02685787217532981,0.026742114046945025,0.026621646014254003,0.02649665894837156,0.02636732320251865,0.026233790741872206,0.026096197066676034,0.02595466294576671,0.025809295976883754
PD22,pathway,japan,Industrial,Natural gas,Natural gas,NATGAS,Energy industry own use and Losses,CO2e,EGASWKS,Mt,0.0,0.0,0.0,0.0,0.0,0.0,0.0,0.0,0.0,0.0,0.0,0.0,0.0,0.0,0.0,0.0,0.0,0.0,0.0,0.0,0.0,0.0,0.0,0.0,0.0,0.0,0.0,0.0,0.0,0.0,0.0,0.0,3.2664530472936015e-07,6.958835364977682e-07,1.1118225359716224e-06,1.578758184785324e-06,2.0710040061184903e-06,2.6076673671673444e-06,3.1912617601099157e-06,3.8240728498863366e-06,4.5080694346094275e-06,5.266744183780842e-06,6.085774310238215e-06,6.966281821511705e-06,7.908711068589033e-06,8.912744506471513e-06,9.99239099155468e-06,1.113368284871494e-05,1.233383446977169e-05,1.3589062944237402e-05,1.4894571112139707e-05,1.6280340554289582e-05,1.7709430181628217e-05,1.917426440357057e-05,2.0666415468737134e-05,2.217675575065187e-05,2.373401481358919e-05,2.5294151810314145e-05,2.684705042172371e-05,2.8382749904336023e-05,2.9891694045475163e-05,3.128590250569477e-05,3.268754190482293e-05,3.403685388609858e-05,3.53279992274747e-05,3.655629175046212e-05,3.771820545183619e-05,3.881134047849323e-05,3.983435499974056e-05,4.078687106517624e-05,4.166936274349882e-05,4.248303437376893e-05,4.322969581905703e-05,4.391164038915548e-05,4.453152976812377e-05,4.509228898117746e-05,4.559701325957534e-05,4.6048887667828446e-05,4.645111956782012e-05,4.680688340746415e-05,4.711927691911025e-05,4.7391287567569835e-05,4.7625767968471766e-05,4.782541897420097e-05,4.7992779169463234e-05,4.813021960828359e-05,4.8239942740366603e-05,4.832398460299645e-05,4.838421948480842e-05,4.842236639277264e-05,4.843999676927513e-05,4.84385430098135e-05,4.84193074225875e-05,4.8383471349199994e-05,4.833210423140558e-05,4.8266172463442536e-05,4.818654791415065e-05,4.809401603910972e-05,4.798928353167172e-05,4.7872985484195725e-05,4.774569204803843e-05,4.76079145938816e-05,4.746011138356079e-05,4.7302692771385046e-05,4.71360259576027e-05,4.6960439319602775e-05,4.677622634808216e-05,4.658364921604343e-05,4.638294200837103e-05,4.617431363909728e-05,4.595795048242576e-05
PD22,pathway,japan,Industrial,Natural gas,Natural gas,NATGAS,Energy industry own use and Losses,CO2e,ELNG,Mt,0.0,0.0,0.0,0.0,0.0,0.0,0.0,0.0,0.0,0.0,0.0,0.0,0.0,0.0,0.0,0.0,0.0,0.0,0.0,0.0,0.0,0.0,0.0,0.0,0.0,0.0,0.0,0.0,0.0,0.0,0.0,0.0,0.006999338735282246,0.014882834084279484,0.023734388840507936,0.03364151922280589,0.044391936554492695,0.056223473342421615,0.06920694704083319,0.08340939100638045,0.0988919521463536,0.11576141801763229,0.13402262131038956,0.15370696483808444,0.17483091961021568,0.19739401806066215,0.2216017156131722,0.2472380174006351,0.27424514722246107,0.3025426988145218,0.33202713163911934,0.3629315503052788,0.3948037094488597,0.42747476778634375,0.46075686029940144,0.49444649138916996,0.5288092946741815,0.5631967328560857,0.5973847254313872,0.6311531868124924,0.6642915226447152,0.6956135500147859,0.7265733632980964,0.7563564791391748,0.7848344760377628,0.8119046364134123,0.8374900673253278,0.8615389092022094,0.8840227906699017,0.9049347100897231,0.9242865285870479,0.9421062486577326,0.9584352312054,0.9733254764555099,0.9868370644753699,0.9990358220461437,1.0099912564962095,1.0197747750465413,1.0284581907356387,1.0361125030312632,1.0428069323816243,1.0486081825942535,1.0535799023623602,1.0577823168077627,1.0612720009644367,1.064101769169804,1.066320656949363,1.067973974859731,1.0691034166677091,1.0697472070363623,1.0699402764656016,1.0697144535430145,1.0690986665803746,1.0681191484423616,1.0667996398337916,1.0651615875218754,1.0632243349595192,1.0610053035730966,1.058520163610685,1.055782993941877,1.0528064305801612,1.0496018039850155,1.0461792654111866,1.0425479027214435,1.0387158461804962,1.034690364810964,1.0304779539267166,1.0260844144716694,1.0215149247879014,1.0167741054217039,1.0118660775520094
PD22,pathway,japan,Industrial,Natural gas,Natural gas,NATGAS,Energy industry own use and Losses,CO2e,EOILGASEX,Mt,0.0,0.0,0.0,0.0,0.0,0.0,0.0,0.0,0.0,0.0,0.0,0.0,0.0,0.0,0.0,0.0,0.0,0.0,0.0,0.0,0.0,0.0,0.0,0.0,0.0,0.0,0.0,0.0,0.0,0.0,0.0,0.0,0.0013198762054524305,0.0028118577193401717,0.004492543100016594,0.006379290723275144,0.008368309201129409,0.010536805702780844,0.012894936500094961,0.015451937283052247,0.018215763377337352,0.021281341650193963,0.02459079799261843,0.02814866610223324,0.03195674146878541,0.03601374098769064,0.040376270267400594,0.04498789010069504,0.04983734467614159,0.05490934838128078,0.06018451732413671,0.06578399812626279,0.0715585228699934,0.07747748085433064,0.08350681805079087,0.08960965244446818,0.09590207163169355,0.10220611969057924,0.10848091959433966,0.11468622295085039,0.12078341595626195,0.12641699631220482,0.132080602874885,0.1375327699565247,0.14274990300325574,0.147713066566159,0.15240801311836316,0.15682504556959234,0.16095874198241966,0.16480757517205127,0.16837346070863604,0.17166126496694303,0.174678301063577,0.17743383557908513,0.17993862358450527,0.1822044842339061,0.1842439244331872,0.18606981407761458,0.187695113159482,0.18913264867555382,0.1903949376378918,0.1914940515003395,0.19244151683143257,0.1932482469697242,0.19392449957849672,0.19447985537954288,0.1949232138149077,0.1952628019037031,0.19550619308701653,0.1956603333590626,0.19573157244960487,0.19572569824142225,0.1956479729733412,0.19550317009426657,0.1952956108992073,0.19502920029890822,0.1947074612551852,0.19433356755965633,0.19391037474927955,0.19344044904276644,0.19292609425161616,0.19236937667216075,0.1917721480037323,0.19113606636564398,0.19046261550452678,0.18975312229542185,0.18900877264665777,0.18823062592110543,0.18741962798593206,0.18657662300040223,0.18570236404705856
PD22,pathway,japan,Industrial,Natural gas,Natural gas,NATGAS,Energy industry own use and Losses,CO2e,EPOWERPLT,Mt,0.0,0.0,0.0,0.0,0.0,0.0,0.0,0.0,0.0,0.0,0.0,0.0,0.0,0.0,0.0,0.0,0.0,0.0,0.0,0.0,0.0,0.0,0.0,0.0,0.0,0.0,0.0,0.0,0.0,0.0,0.0,0.0,0.0009480931579728125,0.0020198129596446512,0.00322708247745368,0.004582370575718725,0.006011121849622214,0.0075687957343476,0.009262687680654857,0.011099431867146126,0.013084742761450913,0.015286808207982006,0.017664056090700486,0.02021974305419047,0.022955158834214562,0.025869381751396775,0.02900307273276516,0.032315690380584156,0.03579914942309696,0.0394424699028436,0.043231727987209104,0.04725394568820625,0.05140190091117276,0.055653605384741164,0.05998459742737394,0.06436838395900789,0.0688883529938767,0.07341667527703542,0.07792398803244974,0.08238138004478379,0.08676111425575758,0.09080782634003862,0.09487610684191064,0.0987925061866925,0.10254007594013309,0.10610521439512594,0.10947768727160065,0.11265052895800612,0.11561984476955593,0.11838453769923682,0.12094598373893664,0.12330767850180736,0.1254748751440069,0.12745423003344186,0.1292534687501495,0.13088108122603342,0.13234605141872685,0.13365762402829715,0.13482510847328702,0.1358577186389225,0.13676444574229277,0.13755396094721495,0.13823454401562313,0.13881403421423805,0.13929979982527785,0.13969872287051288,0.14001719599500934,0.1402611288291539,0.14043596152532425,0.14054668352841151,0.14059785597476995,0.14059363641496317,0.14053780481911743,0.14043379004990028,0.1402846961789015,0.14009332818066683,0.13986221666827922,0.13959364143896932,0.13928965368135685,0.13895209676104864,0.13858262555136583,0.13818272431379186,0.13775372316054502,0.1372968131514908,0.1368130600911519,0.13630341710008825,0.13576873603968473,0.13520977787122362,0.13462722202978059,0.13402167489163533,0.13339367741085834
PD22,pathway,japan,Industrial,Natural gas,Natural gas,NATGAS,Energy industry own use and Losses,CO2e,EREFINER,Mt,0.0,0.0,0.0,0.0,0.0,0.0,0.0,0.0,0.0,0.0,0.0,0.0,0.0,0.0,0.0,0.0,0.0,0.0,0.0,0.0,0.0,0.0,0.0,0.0,0.0,0.0,0.0,0.0,0.0,0.0,0.0,0.0,0.003125974726289671,0.006659561046914009,0.010640070734970475,0.01510861510362338,0.01981937620849844,0.024955210334613398,0.03054017144175164,0.036596133197564384,0.043141936874382225,0.05040240582050376,0.05824047187657866,0.06666687258308668,0.0756858603506308,0.08529439629383284,0.09562654427463307,0.10654863453323626,0.11803400897707589,0.1300464653941361,0.1425400952695401,0.1558018204188239,0.16947811697653636,0.18349648702410137,0.1977762775185074,0.21223013765672144,0.22713300753590343,0.24206341905782083,0.2569245596940789,0.2716211057650518,0.2860616049251171,0.29940409093891895,0.3128176905639818,0.3257305201386853,0.3380866986805821,0.34984137976050866,0.3609608197525644,0.3714220522156575,0.381212235915668,0.3903277538913625,0.39877314294994054,0.40655992853937545,0.41370543093378237,0.4202315969615609,0.4261638987693451,0.43153032866183105,0.4363605078046897,0.4406849170620847,0.4445342506826099,0.4479388879302703,0.4509284739060174,0.45353159845749624,0.45577556093427807,0.4576862083213724,0.4592878347124518,0.46060313094326266,0.4616531743169613,0.46245744958045815,0.4630338935564131,0.46339895703185796,0.4635676786101689,0.4635537662248709,0.46336968288234853,0.46302673394637167,0.4625351539063012,0.46190419109334163,0.46114218923666456,0.4602566650960565,0.45925438168180865,0.4581414167872789,0.4569232267245748,0.45560470527849556,0.4541902379855702,0.4526837519103557,0.4510887611358015,0.44940840821256967,0.44764550182790497,0.44580255096071525,0.44388179578841036,0.4418852356049506,0.4398146539995735
PD22,pathway,japan,Industrial,Natural gas,Natural gas,NATGAS,Final consumption,CO2e,AGRICULT,Mt,0.0,0.0,0.0,0.0,0.0,0.0,0.0,0.0,0.0,0.0,0.0,0.0,0.0,0.0,0.0,0.0,0.0,0.0,0.0,0.0,0.0,0.0,0.0,0.0,0.0,0.0,0.0,0.0,0.0,0.0,0.0,0.0,7.524535910685042e-06,1.6030233970055346e-05,2.5611721574134898e-05,3.6367957793077745e-05,4.7707234084144344e-05,6.006970393659331e-05,7.351326765354027e-05,8.809057735541161e-05,0.00010384698588177584,0.00012132366566873867,0.0001401906798557855,0.00016047387478397904,0.0001821834864338031,0.00020531219990217644,0.0002301827204032554,0.00025647329136642785,0.0002841197440787665,0.00031303493617086393,0.0003431083612250278,0.00037503066894050373,0.000407950891777951,0.0004416945199477709,0.0004760674134547348,0.0005108593101208662,0.0005467320184428779,0.0005826710222720346,0.000618443284104743,0.0006538193502463038,0.0006885790856927567,0.0007206957929406833,0.0007529836778111198,0.0007840661587493896,0.0008138087246042614,0.000842103425505295,0.000868869037147408,0.0008940502769944742,0.0009176162349030233,0.0009395582044831865,0.0009598871062866899,0.000978630683227266,0.0009958306269486337,0.0010115397656765075,0.001025819413432545,0.0010387369505126074,0.0010503636780449252,0.0010607729665385618,0.0010700387001403903,0.0010782340047976622,0.0010854302392532395,0.0010916962221490247,0.0010970976657681214,0.0011016967864058984,0.0011055520623919207,0.0011087181128524987,0.0011112456729785367,0.0011131816445177052,0.0011145692032081492,0.0011154479477506318,0.0011158540775776677,0.0011158205890654616,0.0011153774819252411,0.0011145519693059013,0.0011133686866538128,0.0011118498956333696,0.0011100156804407916,0.0011078841346737237,0.0011054715375788833,0.0011027925190168358,0.0010998602128802037,0.0010966863990017378,0.0010932816338094296,0.0010896553701430717,0.0010858160667541444,0.0010817712880785057,0.0010775277949091513,0.0010730916266109335,0.0010684681755164336,0.0010636622541275174,0.0010586781557230635
PD22,pathway,japan,Industrial,Natural gas,Natural gas,NATGAS,Final consumption,CO2e,CHEMICAL,Mt,0.0,0.0,0.0,0.0,0.0,0.0,0.0,0.0,0.0,0.0,0.0,0.0,0.0,0.0,0.0,0.0,0.0,0.0,0.0,0.0,0.0,0.0,0.0,0.0,0.0,0.0,0.0,0.0,0.0,0.0,0.0,0.0,0.02582544542716203,0.05501840080136322,0.08790364291693553,0.12482081558661795,0.16373907772456908,0.20616910853431047,0.25230963138377716,0.30234135701431786,0.3564199438342528,0.41640278469561354,0.4811574820011555,0.5507727446464887,0.6252837042009896,0.7046652547135959,0.7900249735812652,0.8802585393077864,0.9751457143112678,1.074387411640402,1.1776043550855535,1.287166968062714,1.400154589947975,1.5159682744273977,1.6339417010911252,1.7533532155451614,1.8764742534525096,1.9998228284494748,2.122599117476806,2.2440155976971017,2.3633167295529893,2.4735465537144625,2.5843638876441073,2.6910440769262447,2.7931254571556967,2.890237526613681,2.982101510119489,3.0685276689122523,3.149409914293238,3.2247183644997555,3.2944905006623344,3.358821541026073,3.4178545781726815,3.4717709272658315,3.520781028117233,3.5651161409898795,3.605020983088644,3.6407473740739373,3.6725488964956527,3.7006765306378204,3.725375191448206,3.746881075830106,3.765419719152253,3.781204657978205,3.7944365995577902,3.805303005720221,3.813978007989288,3.8206225808807988,3.8253849106327467,3.8284009065022144,3.8297948108983078,3.8296798728137955,3.8281590561941408,3.8253257610443465,3.821264540270182,3.8160517995670613,3.809756471201317,3.8024406553774144,3.794160225148879,3.7849653926045534,3.774901235425132,3.7640081839350197,3.7523224695321695,3.739876535918237,3.726699414920215,3.7128170689267135,3.6982527020917986,3.6830270425094382,3.667158597552373,3.6506638845189157,3.633557638648649
PD22,pathway,japan,Industrial,Natural gas,Natural gas,NATGAS,Final consumption,CO2e,CONSTRUC,Mt,0.0,0.0,0.0,0.0,0.0,0.0,0.0,0.0,0.0,0.0,0.0,0.0,0.0,0.0,0.0,0.0,0.0,0.0,0.0,0.0,0.0,0.0,0.0,0.0,0.0,0.0,0.0,0.0,0.0,0.0,0.0,0.0,0.0007355410077836272,0.0015669929134896898,0.002503605766697517,0.0035550530482773984,0.0046634938623912325,0.005871954243456462,0.007186094081705521,0.00861106024522175,0.010151286080289562,0.011859672459967913,0.013703967283427071,0.015686697091038204,0.017808862473866413,0.02006974838300389,0.022500900008912195,0.025070864893257994,0.02777337039406909,0.030599898140647813,0.03353964587185798,0.03666012621330715,0.03987815509505302,0.04317667377645919,0.046536704618314884,0.049937694000287434,0.05344433525289054,0.05695745704658157,0.060454279419608896,0.06391237273593355,0.06731021828336073,0.07044970163439201,0.07360591799892276,0.07664430330602001,0.07955170877562492,0.08231758205508258,0.08493398327834328,0.08739550844802871,0.08969913602522281,0.09184401493992549,0.09383121270164399,0.09566344124516976,0.09734477602631843,0.09888038112787764,0.10027625013906231,0.10153896964159793,0.10267550948775682,0.10369304181663416,0.10459878897662388,0.10539989920033135,0.10610334797199399,0.10671586247503148,0.1072438662390158,0.10769344105253026,0.10807030330924648,0.10837979215667966,0.10862686707856285,0.10881611283057506,0.10895174994223783,0.10903764927929116,0.10907734942104275,0.10907407584054428,0.10903076107982779,0.10895006528793114,0.10883439663743348,0.1086859312581663,0.10850663242734734,0.1082982688365218,0.10806243182018237,0.10780055148146256,0.1075139116891259,0.10720366394941222,0.1068708401778809,0.10651636441176027,0.10614106351381802,0.10574567692537522,0.105330865529781,0.10489721968909393,0.10444526651645272,0.10397547644518565,0.10348826915335799
PD22,pathway,japan,Industrial,Natural gas,Natural gas,NATGAS,Final consumption,CO2e,FISHING,Mt,0.0,0.0,0.0,0.0,0.0,0.0,0.0,0.0,0.0,0.0,0.0,0.0,0.0,0.0,0.0,0.0,0.0,0.0,0.0,0.0,0.0,0.0,0.0,0.0,0.0,0.0,0.0,0.0,0.0,0.0,0.0,0.0,1.2695429078142008e-05,2.704627911787592e-05,4.321220586532646e-05,6.13601734856849e-05,8.049184880220216e-05,0.00010134986065906239,0.00012403189869460824,0.0001486267977909672,0.00017521107745247346,0.00020469780612124462,0.00023653031291914935,0.00027075220590305543,0.00030738075526288793,0.0003464036192629726,0.00038836526751686337,0.00043272283096643994,0.0004793680438855935,0.0005281538792970256,0.0005788938903015333,0.0006327533440170742,0.0006882964843821803,0.0007452288777356141,0.0008032229702494842,0.0008619240066804104,0.0009224485931464391,0.0009830850336748505,0.0010434401463957556,0.0011031267960569142,0.001161773569940842,0.0012159610153765832,0.0012704372724270383,0.0013228797668224958,0.0013730615507749544,0.0014208004908026354,0.0014659595449116104,0.0015084454401711655,0.0015482060248554164,0.0015852266095062462,0.0016195256193250991,0.00165114986227434,0.0016801696806730518,0.001706674206528955,0.0017307668891208745,0.0017525614127713407,0.0017721780770479803,0.0017897406729865863,0.0018053738582348529,0.0018192010112028415,0.0018313425286658298,0.001841914521729925,0.0018510278604394195,0.0018587875163931914,0.001865292154478274,0.00187063392831751,0.0018748984385413617,0.0018781648179785196,0.0018805059129185116,0.0018819885344581399,0.0018826737584343234,0.0018826172564737121,0.0018818696442170276,0.0018804768358051413,0.0018784803962682314,0.001875917885581403,0.0018728231898861697,0.0018692268367776416,0.0018651562926703053,0.0018606362411272988,0.0018556888417082657,0.001850333969397261,0.0018445894350446117,0.0018384711875219278,0.0018319934984707814,0.0018251691306396126,0.0018180094908671958,0.0018105247687956651,0.0018027240623915489,0.0017946154913285187,0.0017862062992450075
PD22,pathway,japan,Industrial,Natural gas,Natural gas,NATGAS,Final consumption,CO2e,FOODPRO,Mt,0.0,0.0,0.0,0.0,0.0,0.0,0.0,0.0,0.0,0.0,0.0,0.0,0.0,0.0,0.0,0.0,0.0,0.0,0.0,0.0,0.0,0.0,0.0,0.0,0.0,0.0,0.0,0.0,0.0,0.0,0.0,0.0,0.02405209541730624,0.05124046473909605,0.08186758338515343,0.11624977292347793,0.15249564357294165,0.19201214107047448,0.2349843430915306,0.2815805515539238,0.33194573630532087,0.3878097490236123,0.44811795020079526,0.5129529573788432,0.5823474897556191,0.6562781653247143,0.7357765077169125,0.8198140256299773,0.9081856044861536,1.0006126946700533,1.0967420636455976,1.198781365501139,1.3040104919540951,1.4118716244013632,1.5217441965057006,1.6329561075518777,1.7476228210448685,1.8625014473896961,1.9768470847959039,2.0899262870783355,2.201035395143222,2.303696092943854,2.406903958112518,2.5062587630078292,2.601330544229721,2.6917742412169887,2.7773302213810953,2.8578217747096755,2.9331500972726356,3.003287359191515,3.0682684678885432,3.1281821032791575,3.18316153223918,3.233375619605018,3.2790203549655104,3.3203111186875716,3.3574758240352103,3.3907489990252717,3.4203668135121497,3.446563013773577,3.4695656972380897,3.489594841929742,3.5068604964312016,3.521561534439198,3.533884881284308,3.544005126396794,3.552084444250553,3.5582727557607887,3.562708071694663,3.5655169688590993,3.5668151583378442,3.566708112680739,3.565291725631334,3.562652983717649,3.5588706338702294,3.5540158352519153,3.5481527867727243,3.541339324416452,3.5336274846143163,3.5250640315530317,3.515690947574406,3.5055458867829183,3.4946625926833272,3.483071281172978,3.4707989905569767,3.457869900470477,3.444305621713156,3.430125459047648,3.4153466490051243,3.399984574694317,3.3840529595334483
PD22,pathway,japan,Industrial,Natural gas,Natural gas,NATGAS,Final consumption,CO2e,INONSPEC,Mt,0.0,0.0,0.0,0.0,0.0,0.0,0.0,0.0,0.0,0.0,0.0,0.0,0.0,0.0,0.0,0.0,0.0,0.0,0.0,0.0,0.0,0.0,0.0,0.0,0.0,0.0,0.0,0.0,0.0,0.0,0.0,0.0,0.006737303381421311,0.014353117695679929,0.02293217022466676,0.03256306673568532,0.042716004459085966,0.05378508711458296,0.06582215735567565,0.07887435872891735,0.09298229916587997,0.10863053252171073,0.1255236406134954,0.14368476568457123,0.16312307280594573,0.1838320123748468,0.20610052751764685,0.22964052450246553,0.2543945480800064,0.2802845728960095,0.30721165394304517,0.3357941837185825,0.36527022466948444,0.39548352458172586,0.4262602547884168,0.4574121511760646,0.4895317824659412,0.5217107732897162,0.5537404670100112,0.5854154158528337,0.6165385157942074,0.6452951066205355,0.6742049661120211,0.7020355335269499,0.7286663705492881,0.7540008212475889,0.7779661591717727,0.8005128855591257,0.8216133241493977,0.8412596794332579,0.8594617294316957,0.8762443145373573,0.8916447645278576,0.9057103806305375,0.9184960620671355,0.9300621396674241,0.940472454887944,0.9497927020631597,0.9580890354274942,0.9654269303401644,0.9718702798445787,0.977480702633811,0.9823170360358249,0.9864349871483259,0.9898869161769399,0.9927217278818736,0.9949848494332931,0.996718275620901,0.9979606650477059,0.9987474735163936,0.9991111131998858,0.9990811283251766,0.9986843799715803,0.9979452341919999,0.9968857490213896,0.9955258570627143,0.9938835412619935,0.9919750022272169,0.9898148160365982,0.9874160819443943,0.9847905597481827,0.9819487968502175,0.9789002452431331,0.9756533687910467,0.9722157412733428,0.9685941357189343,0.9647946055926534,0.9608225584084946,0.956682822342038,0.9523797064012379,0.947917054693246
PD22,pathway,japan,Industrial,Natural gas,Natural gas,NATGAS,Final consumption,CO2e,IRONSTL,Mt,0.0,0.0,0.0,0.0,0.0,0.0,0.0,0.0,0.0,0.0,0.0,0.0,0.0,0.0,0.0,0.0,0.0,0.0,0.0,0.0,0.0,0.0,0.0,0.0,0.0,0.0,0.0,0.0,0.0,0.0,0.0,0.0,0.02845789486566641,0.060626558023876065,0.09686387154462128,0.13754409994705075,0.18042939365476052,0.2271844190167096,0.2780281557491655,0.3331597348716815,0.3927506814265431,0.458847716762913,0.5302030152872517,0.6069143282051304,0.6890203681308442,0.7764934700036741,0.8705541092344724,0.9699853981948858,1.0745446499593934,1.1839022909281876,1.2976403843601876,1.4183709766012975,1.542875697102676,1.670494547519656,1.8004932878088646,1.932076703617402,2.0677477634797015,2.203669553831534,2.3389607237356818,2.4727534762678163,2.6042152579158917,2.725681071773601,2.8477942816757404,2.9653486378785354,3.0778354174194806,3.184846352453188,3.2860742515778254,3.3813100355066883,3.4704368016661693,3.5534216223740174,3.630305799302069,3.7011942565189475,3.766244672375562,3.8256568439240013,3.879662661609453,3.9285169586067954,3.9724893967310675,4.011857464223134,4.046900591908879,4.077895343093146,4.105111597490271,4.128809628118994,4.149237959707763,4.16663189511294,4.181212600154504,4.193186645094417,4.202745911099288,4.210067781202446,4.2153155466196495,4.218638970163715,4.220174958569751,4.2200483045713,4.218372467475125,4.2152503677721915,4.210775177048244,4.205031089214027,4.198094062966698,4.190032528533133,4.18090805424088,4.170775970417124,4.159685949618401,4.14768254332881,4.1348056760993765,4.1210910986958895,4.106570802228921,4.0912733954954685,4.075224447904538,4.058446800414301,4.040960846898286,4.022784788302535,4.003934861864856
PD22,pathway,japan,Industrial,Natural gas,Natural gas,NATGAS,Final consumption,CO2e,MACHINE,Mt,0.0,0.0,0.0,0.0,0.0,0.0,0.0,0.0,0.0,0.0,0.0,0.0,0.0,0.0,0.0,0.0,0.0,0.0,0.0,0.0,0.0,0.0,0.0,0.0,0.0,0.0,0.0,0.0,0.0,0.0,0.0,0.0,0.018138942474791975,0.03864311304932366,0.06174062424952176,0.08767003070549029,0.11500493651109123,0.1448063929944743,0.17721397690561336,0.21235461351869667,0.2503376321741331,0.2924676044500223,0.3379491715622165,0.38684463971794125,0.4391786841746974,0.4949336713391599,0.5548875271040861,0.6182646124141917,0.684910239644049,0.754614339967544,0.8271105222640283,0.9040636938864,0.9834224789854065,1.0647661973925433,1.1476268475928593,1.2314975633030099,1.317973726137715,1.4046097035317113,1.4908437261051568,1.5761226637490078,1.6599158503569535,1.7373376491449213,1.8151720954482353,1.8901007475811191,1.9617993476672924,2.0300076674995493,2.0945299045706096,2.1552327926226518,2.212041818447029,2.264935994077589,2.3139416450262176,2.359125649452878,2.4005885108751386,2.4384575790935266,2.472880660102317,2.504020183495185,2.53204803057866,2.557141071190172,2.579477413362671,2.599233337383256,2.616580863446554,2.631685888479831,2.6447068210995424,2.655793642356492,2.66508732241397,2.672719528287978,2.678812564226936,2.683479493430098,2.6868243970314776,2.6889427332179645,2.689921765766596,2.689841037040774,2.6887728655253427,2.6867828523082937,2.6839303845664397,2.6802691271443138,2.6758474957959515,2.6707091076601026,2.6648932061297477,2.658435058522681,2.6513663259174813,2.643715405242701,2.635507744239216,2.626766130294747,2.6175109544085995,2.6077604517076294,2.597530920025577,2.5868369180930983,2.5756914448793866,2.564106101590888,2.5520912377746736
PD22,pathway,japan,Industrial,Natural gas,Natural gas,NATGAS,Final consumption,CO2e,NONFERR,Mt,0.0,0.0,0.0,0.0,0.0,0.0,0.0,0.0,0.0,0.0,0.0,0.0,0.0,0.0,0.0,0.0,0.0,0.0,0.0,0.0,0.0,0.0,0.0,0.0,0.0,0.0,0.0,0.0,0.0,0.0,0.0,0.0,0.004846095074590662,0.010324096902310065,0.016494949222843114,0.023422385543232616,0.030725322446694014,0.03868723597502988,0.04734541618533772,0.056733773100042684,0.06688151571954781,0.07813718023375871,0.09028827441542764,0.10335144431789367,0.11733328231245987,0.13222907731578304,0.14824666409234966,0.16517881884117513,0.18298421440436496,0.20160672769177979,0.22097518825346174,0.2415344014761493,0.262736311021221,0.2844685257669013,0.30660601197212956,0.32901335258033776,0.35211677811714415,0.37526290055040434,0.3983016346241288,0.42108520319525833,0.4434718307216067,0.4641562448374649,0.4849509040293212,0.5049692359994188,0.524124610311649,0.5423475030323561,0.5595856025360166,0.5758033047097377,0.5909807022136112,0.6051121877924436,0.6182047947081611,0.6302763904809922,0.6413538261581876,0.651471125180857,0.6606677761741973,0.6689871746809732,0.6764752414131641,0.6831792298448461,0.6891467242529103,0.6944248206040728,0.6990594767163857,0.703095014483654,0.7065737551832649,0.7095357685399333,0.7120187168823715,0.7140577770616345,0.7156856245226497,0.7169324658231464,0.7178261078251627,0.7183920536389237,0.7186536171131107,0.7186320492030118,0.7183466708946046,0.7178150085188674,0.7170529282656529,0.7160747675164894,0.7148934612783373,0.7135206625349111,0.7119668557570504,0.7102414631464791,0.7083529434431247,0.7063088833194617,0.7041160815275063,0.7017806260653625,0.6993079646994277,0.6967029692219009,0.6939699938475835,0.6911129281633701,0.688135245042096,0.6850400439229646,0.6818300898452916
PD22,pathway,japan,Industrial,Natural gas,Natural gas,NATGAS,Final consumption,CO2e,NONMET,Mt,0.0,0.0,0.0,0.0,0.0,0.0,0.0,0.0,0.0,0.0,0.0,0.0,0.0,0.0,0.0,0.0,0.0,0.0,0.0,0.0,0.0,0.0,0.0,0.0,0.0,0.0,0.0,0.0,0.0,0.0,0.0,0.0,0.009256276306391698,0.019719525116790537,0.031506151925719816,0.04473789081847657,0.05868685401175311,0.07389449447516272,0.09043203802385413,0.10836425444304454,0.12774693433820095,0.149245798712913,0.17245497712136926,0.1974062643316763,0.2241122520923151,0.2525639420059256,0.2831583085388665,0.3154995441946582,0.3495087121000999,0.38507861443477986,0.42207331219223587,0.4613424052046735,0.5018390793209742,0.5433486620550368,0.5856323329056,0.6284314387358809,0.6725601004936959,0.716770315391703,0.7607754133217904,0.8042931327833323,0.8470526756240506,0.8865609084063766,0.9262797146234274,0.9645156982465817,1.0011033909470468,1.0359099986442444,1.0688356035997832,1.0998122002336026,1.1288017645622919,1.1557935864568534,1.1808010997882117,1.2038584323853918,1.2250168710491367,1.2443414021998433,1.2619074510242159,1.277797905110737,1.2921004752433944,1.3049054178463302,1.3163036211930847,1.326385040861114,1.3352374585088007,1.3429455310999827,1.349590094324242,1.3552476832965057,1.3599902348887372,1.363884938590194,1.3669942060832767,1.3693757333562622,1.3710826328624297,1.3721636167775173,1.3726632156816803,1.3726220199287795,1.3720769335378178,1.371061432649826,1.3696058224558818,1.3677374880491147,1.3654811359193075,1.362859023829752,1.3598911776275522,1.3565955941743522,1.352988430073101,1.349084176235675,1.3448958186077133,1.3404349855604583,1.3357120825915836,1.3307364150601482,1.3255162997273133,1.3200591658924345,1.3143716469108304,1.308459662861497,1.3023284951034482
PD22,pathway,japan,Industrial,Natural gas,Natural gas,NATGAS,Final consumption,CO2e,ONONSPEC,Mt,0.0,0.0,0.0,0.0,0.0,0.0,0.0,0.0,0.0,0.0,0.0,0.0,0.0,0.0,0.0,0.0,0.0,0.0,0.0,0.0,0.0,0.0,0.0,0.0,0.0,0.0,0.0,0.0,0.0,0.0,0.0,0.0,3.2763332194264444e-07,6.989896422574649e-07,1.118333846558632e-06,1.5901340300138433e-06,2.0915814873266234e-06,2.64068092196145e-06,3.2403375158508894e-06,3.893250158077614e-06,4.6018173256418915e-06,5.37781539310329e-06,6.215886047875614e-06,7.117220944371326e-06,8.082319536040194e-06,9.110902000635905e-06,1.0212866033901212e-05,1.1377485696641797e-05,1.2601891155188119e-05,1.3882196187001114e-05,1.521348159003235e-05,1.661222572255394e-05,1.8052597442990116e-05,1.952681759547401e-05,2.102627170962304e-05,2.2541667550816816e-05,2.4094073167402655e-05,2.564603297196632e-05,2.7187389543489522e-05,2.8708188473883927e-05,3.0198926787751254e-05,3.1587226176728396e-05,3.296984595642558e-05,3.4297526728598774e-05,3.556459712565178e-05,3.676656059762373e-05,3.790009659013898e-05,3.896302066162633e-05,3.995421085969085e-05,4.0873508646823865e-05,4.1721602804854416e-05,4.2499904218813297e-05,4.321041844270562e-05,4.385562168128179e-05,4.443834445831528e-05,4.496166591999083e-05,4.5428820535992565e-05,4.584311796483948e-05,4.620787606477365e-05,4.6526366453191374e-05,4.680177162617249e-05,4.703715241625953e-05,4.7235424459285886e-05,4.73993423286284e-05,4.7531490049856654e-05,4.7634276806922935e-05,4.770993677412787e-05,4.776053214194769e-05,4.778795853931182e-05,4.779395218323138e-05,4.7780098204592516e-05,4.7747839704215004e-05,4.769848718510042e-05,4.763322808532797e-05,4.7553136202051364e-05,4.74591808516576e-05,4.73522356556569e-05,4.723308687762169e-05,4.710244126478785e-05,4.696093336996215e-05,4.680913234623388e-05,4.6647548219601946e-05,4.647663765382744e-05,4.629680922828886e-05,4.6108428253928826e-05,4.5911821155021165e-05,4.570727944584072e-05,4.5495063331704224e-05,4.527540496351581e-05,4.5048511374107765e-05,4.481456712346406e-05
PD22,pathway,japan,Industrial,Natural gas,Natural gas,NATGAS,Final consumption,CO2e,PAPERPRO,Mt,0.0,0.0,0.0,0.0,0.0,0.0,0.0,0.0,0.0,0.0,0.0,0.0,0.0,0.0,0.0,0.0,0.0,0.0,0.0,0.0,0.0,0.0,0.0,0.0,0.0,0.0,0.0,0.0,0.0,0.0,0.0,0.0,0.009005584560454416,0.019185452665088754,0.03065285714792987,0.04352623511724252,0.0570974124902619,0.07189317783098015,0.08798282791490197,0.1054293783390583,0.1242871087077504,0.14520371001388455,0.16778430417697088,0.1920598248536216,0.21804252276453218,0.24572364321984042,0.27548940925425325,0.3069547331973921,0.34004281605762987,0.3746493632996204,0.41064211761197456,0.4488476687461447,0.488247553872702,0.5286329145735975,0.5697713984267881,0.6114113575105804,0.6543448635820527,0.6973577140546491,0.7401710028311334,0.7825101130215268,0.8241115806173631,0.8625497947953112,0.9011928793563193,0.9383933012508873,0.9739900736007399,1.007853998844979,1.0398878653606611,1.070025509392345,1.0982299367766564,1.1244907274516653,1.1488209514529437,1.1712538123107212,1.191839207803071,1.2106403642949806,1.2277306642001076,1.243190750226426,1.257105957648716,1.2695640984372398,1.2806535992990034,1.2904619795055419,1.299074643286511,1.3065739548044777,1.3130385604409835,1.3185429224772414,1.3231570294877104,1.326946251239568,1.329971309092551,1.3322883364294607,1.3339490072359674,1.3350007143948268,1.335486782445177,1.3354467024147199,1.334916378834905,1.3339283811979168,1.332512193926198,1.3306944604305233,1.3284992180640969,1.3259481217735536,1.3230606550372939,1.3198543273001524,1.3163448575887933,1.3125463443514411,1.3084714218297369,1.304131403458701,1.2995364129194003,1.2946955035498189,1.2896167668646674,1.284307430952365,1.2787739495141917,1.2730220822930756,1.2670569676106935
PD22,pathway,japan,Industrial,Natural gas,Natural gas,NATGAS,Final consumption,CO2e,TEXTILES,Mt,0.0,0.0,0.0,0.0,0.0,0.0,0.0,0.0,0.0,0.0,0.0,0.0,0.0,0.0,0.0,0.0,0.0,0.0,0.0,0.0,0.0,0.0,0.0,0.0,0.0,0.0,0.0,0.0,0.0,0.0,0.0,0.0,0.002670455011684003,0.005689124107044918,0.009089590513932488,0.012906974769743507,0.016931279731508708,0.021318715709771063,0.026089831500691107,0.03126331332233495,0.03685525688069058,0.04305772407317493,0.04975362043002113,0.05695211880811302,0.06465685195313853,0.07286522380869931,0.08169176233594411,0.09102227624696735,0.10083399208928462,0.11109598306822338,0.1217690304970166,0.13309824569848333,0.14478162060764976,0.15675722176473122,0.1689561489572256,0.18130378021593646,0.19403499113157124,0.2067897302981717,0.21948529279190374,0.23204024558138403,0.2443764628351261,0.2557746703587592,0.26723362875730944,0.27826478974616325,0.28882041536749903,0.2988621942522235,0.3083612999245046,0.31729811263271795,0.3256616623783784,0.33344885926694146,0.3406635789981757,0.34731566752190385,0.3534199211870617,0.35899508871141644,0.3640629304185766,0.3686473595506222,0.37277368085159096,0.3764679334880127,0.3797563389162858,0.3826648495080438,0.38521879045473534,0.3874425854669188,0.3893595558095632,0.39099178202288365,0.3923600180444141,0.39348364818188075,0.3943806783357706,0.3950677539189849,0.3955601979850223,0.3958720640981375,0.3960161994235419,0.3960043143629459,0.3958470558027688,0.39555408167948836,0.39513413510390993,0.3945951167324933,0.3939441544390485,0.39318766963468776,0.39233143981804974,0.3913806571212385,0.3903399827578877,0.38921359738628414,0.3880052474788173,0.3867182878448334,0.38535572049210437,0.38392023003611847,0.382414215879809,0.38083982139152867,0.37919896030811606,0.37749334058470346,0.3757244859043769
PD22,pathway,japan,Industrial,Natural gas,Natural gas,NATGAS,Final consumption,CO2e,TRANSEQ,Mt,0.0,0.0,0.0,0.0,0.0,0.0,0.0,0.0,0.0,0.0,0.0,0.0,0.0,0.0,0.0,0.0,0.0,0.0,0.0,0.0,0.0,0.0,0.0,0.0,0.0,0.0,0.0,0.0,0.0,0.0,0.0,0.0,0.008323323844248387,0.01773196782041797,0.028330604757635713,0.04022869900001513,0.05277172754692305,0.06644656959938455,0.08131727202743,0.0974420763830437,0.11487115006198989,0.1342031151580121,0.1550730094500743,0.17750942306910478,0.201523678624423,0.2271076846791671,0.2546184041125812,0.2836999233948463,0.31428126180572924,0.34626602613643387,0.3795319788546738,0.41484308748987364,0.45125804768852307,0.4885838240913566,0.5266056672346747,0.5650909939771026,0.6047718689278601,0.6445260771687945,0.6840958424551936,0.7232273528003893,0.7616771041598585,0.7972032493478723,0.8329187439926432,0.8673008717149029,0.9002008419599057,0.9314992451399651,0.9611062343591067,0.9889606584105894,1.0150283257991195,1.0392996058839166,1.061786578518098,1.082519931741181,1.101545783088704,1.1189225689128837,1.1347181121950314,1.1490069461727883,1.1618679411429766,1.173382256464101,1.1836316196591172,1.1926969195625827,1.2006570902021905,1.2075882558532285,1.2135631046680706,1.218650457685102,1.2229150011628005,1.226417152471987,1.2292130327381638,1.2313545226938254,1.2328893815170876,1.2338614116183806,1.2343106552811598,1.2342736117032616,1.2337834652982826,1.2328703181022511,1.231561420805525,1.2298813983210906,1.2278524669385997,1.2254946410316292,1.222825928015384,1.2198625108237653,1.216618917614115,1.21310817873993,1.20934197127603,1.2053307515545757,1.2010838762892206,1.1966097129394462,1.1919157400089375,1.1870086379880376,1.1818943716473158,1.1765782643730922,1.1710650652091459
PD22,pathway,japan,Industrial,Natural gas,Natural gas,NATGAS,Final consumption,CO2e,WOODPRO,Mt,0.0,0.0,0.0,0.0,0.0,0.0,0.0,0.0,0.0,0.0,0.0,0.0,0.0,0.0,0.0,0.0,0.0,0.0,0.0,0.0,0.0,0.0,0.0,0.0,0.0,0.0,0.0,0.0,0.0,0.0,0.0,0.0,0.0003043590468718854,0.0006484050033346567,0.0010359654415341077,0.0014710431449812475,0.001929704166090243,0.0024297522203404545,0.0029735293101196686,0.0035631651547061508,0.0042004942256457165,0.0049074063416331,0.005670555926331575,0.006490988435278136,0.007369117902414658,0.008304648448107327,0.009310633136700192,0.01037405727541768,0.01149232531171844,0.012661912434396863,0.013878348782671968,0.015169570363053678,0.01650115649202513,0.017866048444123067,0.019256393474060766,0.020663686712323104,0.022114697571092065,0.023568390008845568,0.02501533791966546,0.026446260158687937,0.02785225251164868,0.02915133733530696,0.030457346102003218,0.03171459763021399,0.03291765109458229,0.03406214004379908,0.03514477904572991,0.03616333198372871,0.037116548577124736,0.038004076662202686,0.038826357963044185,0.03958451464942571,0.04028023310162313,0.04091565016217627,0.04149324591456311,0.042015745816256354,0.04248603391800498,0.04290707797469411,0.04328186651728273,0.04361335740840469,0.04390443702925624,0.044157889016795925,0.04437637135924923,0.04456240063605486,0.044718342230122825,0.04484640542391548,0.044948642399059685,0.04502695027869858,0.04508307547306474,0.04511861970523646,0.04513504720170006,0.04513369262890284,0.045115769441551413,0.04508237838102817,0.04503451592353649,0.0449730825284585,0.04489889057902833,0.04481267194099813,0.04471508509165784,0.04460672179247563,0.04448811329469245,0.0443597360793446,0.04422201714211659,0.04407533883978678,0.043920043319375136,0.04375643655383668,0.043584792009673086,0.04340535397242595,0.04321834055590646,0.04302394642042302,0.042822345224295934
PD22,pathway,japan,Industrial,Oil products,Bitumen,BITUMEN,Energy industry own use and Losses,CO2e,EPOWERPLT,Mt,0.0,0.0,0.0,0.0,0.0,0.0,0.0,0.0,0.0,0.0,0.0,0.0,0.0,0.0,0.0,0.0,0.0,0.0,0.0,0.0,0.0,0.0,0.0,0.0,0.0,0.0,0.0,0.0,0.0,0.0,0.0,0.0,9.721475007491535e-07,2.1167282763052606e-06,3.455018794742306e-06,5.00820184909388e-06,6.750284144615268e-06,8.718642754800793e-06,1.0922184850987417e-05,1.336373219798356e-05,1.6038418775119926e-05,1.8941157315149575e-05,2.2042162688101716e-05,2.5308006441359987e-05,2.8696192932196916e-05,3.2157016239601844e-05,3.567243488165364e-05,3.9157309803659646e-05,4.2558042471470596e-05,4.582621784719511e-05,4.892111872039749e-05,5.1862738168516166e-05,5.4582649398859435e-05,5.7068226738901976e-05,5.931554062963593e-05,6.132797201573352e-05,6.317201287794347e-05,6.480535762539242e-05,6.62432698909048e-05,6.750248453999907e-05,6.860021496285199e-05,6.945455001194784e-05,7.0248769466627e-05,7.092973127912814e-05,7.15112723767642e-05,7.200582552912779e-05,7.242442755843814e-05,7.277678008568495e-05,7.307134250202905e-05,7.331544211813609e-05,7.35153908095268e-05,7.367660092122676e-05,7.38036958066272e-05,7.390061228615447e-05,7.397069366185659e-05,7.401677284415192e-05,7.404124574687381e-05,7.404613547506048e-05,7.40331480354516e-05,7.40037203940559e-05,7.395906172621291e-05,7.390018867952367e-05,7.382795541770846e-05,7.374307914690156e-05,7.364616175370927e-05,7.353770811201209e-05,7.341814154638794e-05,7.32878168760719e-05,7.314703140537886e-05,7.299603417488246e-05,7.2835033742125e-05,7.266420472093582e-05,7.248369327407066e-05,7.229362172424775e-05,7.20940924233097e-05,7.188519099755888e-05,7.166698906886715e-05,7.143954653552996e-05,7.12029134835364e-05,7.095713178774211e-05,7.070223645293929e-05,7.043825673683007e-05,7.016521709019622e-05,6.988313794386364e-05,6.959203636732241e-05,6.929192661983896e-05,6.898282061153148e-05,6.866472828906995e-05,6.833765795826355e-05,6.800161655383425e-05,6.765660986498778e-05
PD22,pathway,japan,Industrial,Oil products,Bitumen,BITUMEN,Energy industry own use and Losses,CO2e,EREFINER,Mt,0.0,0.0,0.0,0.0,0.0,0.0,0.0,0.0,0.0,0.0,0.0,0.0,0.0,0.0,0.0,0.0,0.0,0.0,0.0,0.0,0.0,0.0,0.0,0.0,0.0,0.0,0.0,0.0,0.0,0.0,0.0,0.0,0.006778086715247822,0.014758426883119735,0.024089366043247185,0.03491859660644436,0.04706488598644326,0.06078883768745652,0.07615255502164925,0.09317571212956777,0.11182438174191456,0.13206309399581717,0.1536841785597558,0.17645456282857958,0.2000779551889223,0.22420779193248686,0.24871828275601265,0.2730158141439416,0.2967266819906783,0.3195133229893206,0.34109184525831404,0.36160164617560575,0.3805656348325082,0.3978957814772101,0.41356468811538744,0.4275959276473969,0.44045310092705614,0.4518412414361579,0.4618667715301514,0.4706463714140108,0.47830005770166656,0.48425672275731374,0.4897942449240668,0.49454210284824834,0.49859677149186465,0.5020449356330433,0.5049635471108876,0.5074202483647356,0.5094740206570006,0.5111759520654104,0.5125700507673072,0.5136940531595728,0.5145801945667614,0.515255923611856,0.5157445507402154,0.5160658278027235,0.5162364597867538,0.5162705523515526,0.5161800002575441,0.5159748224372528,0.5156634496023754,0.5152529701068844,0.5147493394212821,0.5141575581091327,0.5134818226937077,0.5127256532981773,0.5118920014609609,0.5109833410818956,0.5100017450505638,0.5089489497481244,0.5078264092966173,0.5066353411529366,0.5053767644050625,0.5040515319215058,0.5026603573281969,0.50120383763588,0.49968247221245693,0.49809667868574703,0.49644680626940074,0.49473314692672843,0.4929559447210198,0.4911154036452303,0.48921169417711075,0.48724495876614493,0.4852153164256346,0.4831228665752092,0.48096769225557406,0.478749862817719,0.47646943617208914,0.47412646066952385,0.4717209766739986
PD22,pathway,japan,Industrial,Oil products,Bitumen,BITUMEN,Final consumption,CO2e,CHEMICAL,Mt,0.0,0.0,0.0,0.0,0.0,0.0,0.0,0.0,0.0,0.0,0.0,0.0,0.0,0.0,0.0,0.0,0.0,0.0,0.0,0.0,0.0,0.0,0.0,0.0,0.0,0.0,0.0,0.0,0.0,0.0,0.0,0.0,9.721475007491535e-07,2.1167282763052606e-06,3.455018794742306e-06,5.00820184909388e-06,6.750284144615268e-06,8.718642754800793e-06,1.0922184850987417e-05,1.336373219798356e-05,1.6038418775119926e-05,1.8941157315149575e-05,2.2042162688101716e-05,2.5308006441359987e-05,2.8696192932196916e-05,3.2157016239601844e-05,3.567243488165364e-05,3.9157309803659646e-05,4.2558042471470596e-05,4.582621784719511e-05,4.892111872039749e-05,5.1862738168516166e-05,5.4582649398859435e-05,5.7068226738901976e-05,5.931554062963593e-05,6.132797201573352e-05,6.317201287794347e-05,6.480535762539242e-05,6.62432698909048e-05,6.750248453999907e-05,6.860021496285199e-05,6.945455001194784e-05,7.0248769466627e-05,7.092973127912814e-05,7.15112723767642e-05,7.200582552912779e-05,7.242442755843814e-05,7.277678008568495e-05,7.307134250202905e-05,7.331544211813609e-05,7.35153908095268e-05,7.367660092122676e-05,7.38036958066272e-05,7.390061228615447e-05,7.397069366185659e-05,7.401677284415192e-05,7.404124574687381e-05,7.404613547506048e-05,7.40331480354516e-05,7.40037203940559e-05,7.395906172621291e-05,7.390018867952367e-05,7.382795541770846e-05,7.374307914690156e-05,7.364616175370927e-05,7.353770811201209e-05,7.341814154638794e-05,7.32878168760719e-05,7.314703140537886e-05,7.299603417488246e-05,7.2835033742125e-05,7.266420472093582e-05,7.248369327407066e-05,7.229362172424775e-05,7.20940924233097e-05,7.188519099755888e-05,7.166698906886715e-05,7.143954653552996e-05,7.12029134835364e-05,7.095713178774211e-05,7.070223645293929e-05,7.043825673683007e-05,7.016521709019622e-05,6.988313794386364e-05,6.959203636732241e-05,6.929192661983896e-05,6.898282061153148e-05,6.866472828906995e-05,6.833765795826355e-05,6.800161655383425e-05,6.765660986498778e-05
PD22,pathway,japan,Industrial,Oil products,Fuel oil,RESFUEL,Energy industry own use and Losses,CO2e,ECOKEOVS,Mt,0.0,0.0,0.0,0.0,0.0,0.0,0.0,0.0,0.0,0.0,0.0,0.0,0.0,0.0,0.0,0.0,0.0,0.0,0.0,0.0,0.0,0.0,0.0,0.0,0.0,0.0,0.0,0.0,0.0,0.0,0.0,0.0,9.505404153037708e-07,2.0885878144404714e-06,3.439074375349716e-06,5.027347167793487e-06,6.738998782500379e-06,8.656828898774034e-06,1.0786391091335039e-05,1.3127162698833835e-05,1.5671140650198424e-05,1.8503172220219865e-05,2.1527614669397343e-05,2.4711724260354917e-05,2.8013937188265914e-05,3.138569041252871e-05,3.475782734049496e-05,3.8089660421347696e-05,4.13295351774591e-05,4.443114831079292e-05,4.735592876624807e-05,5.010254402018018e-05,5.2625788310553396e-05,5.491500810969907e-05,5.6967944552989174e-05,5.878932441182055e-05,6.047750441978694e-05,6.1961087252566e-05,6.325550063384878e-05,6.437747206972523e-05,6.534407924038186e-05,6.6020070278406e-05,6.667823101486428e-05,6.722847018655057e-05,6.768435119077591e-05,6.805802252356926e-05,6.836023811729022e-05,6.860042653367309e-05,6.878678947009295e-05,6.892641521138582e-05,6.902539691786507e-05,6.908894897762563e-05,6.91215171642708e-05,6.912688016675475e-05,6.910824133810269e-05,6.906831037336202e-05,6.900937518274649e-05,6.893336456034866e-05,6.88419024288232e-05,6.873635451600325e-05,6.861786832690155e-05,6.848740723981057e-05,6.834577949626628e-05,6.819366278364345e-05,6.803162503411916e-05,6.78601419897536e-05,6.76796120134848e-05,6.749036856158161e-05,6.729269067524973e-05,6.708681179777085e-05,6.687292717856527e-05,6.665120008644448e-05,6.64217670205585e-05,6.618474207854433e-05,6.594022061660185e-05,6.56882823151185e-05,6.542899374553737e-05,6.516241051898244e-05,6.488857908431967e-05,6.460753823249572e-05,6.431932035486825e-05,6.402395249555105e-05,6.372145723133779e-05,6.341185340732986e-05,6.309515675183432e-05,6.277138039027127e-05,6.244053527461583e-05,6.210263054220857e-05,6.175767381551273e-05,6.140567145250629e-05,6.104662875580974e-05
PD22,pathway,japan,Industrial,Oil products,Fuel oil,RESFUEL,Energy industry own use and Losses,CO2e,EPOWERPLT,Mt,0.0,0.0,0.0,0.0,0.0,0.0,0.0,0.0,0.0,0.0,0.0,0.0,0.0,0.0,0.0,0.0,0.0,0.0,0.0,0.0,0.0,0.0,0.0,0.0,0.0,0.0,0.0,0.0,0.0,0.0,0.0,0.0,0.0016316964769019782,0.0035528127864798836,0.00579906031817877,0.008405993233005296,0.011329983205602079,0.014633765612124067,0.018332290653110248,0.022430294506654014,0.026919609822866022,0.031791697901561874,0.03699656602908455,0.0424781063737311,0.04816499232048828,0.05397379519610246,0.05987423335867662,0.06572340555559046,0.07143134957506941,0.07691680342066179,0.08211142547880995,0.0870487730378817,0.09161399546412584,0.09578590125588006,0.09955789486300001,0.10293565101643548,0.10603077287377968,0.10877225281167491,0.11118571000404809,0.11329923300853778,0.11514171356028216,0.11657566827253447,0.11790872224334473,0.11905167944840538,0.12002776441437525,0.12085784486588143,0.1215604455061375,0.1221518499760282,0.12264625690152667,0.12305596477333418,0.12339156772972915,0.12366215009619011,0.12387547191883568,0.12403814093570457,0.124155768696658,0.12423311008708673,0.12427418651748452,0.12428239365914671,0.12426059495119607,0.12421120226258459,0.12413624512806913,0.12403742993511409,0.12391619035086558,0.12377373016664309,0.12361105961623736,0.12342902610287844,0.12322834015374638,0.12300959731354547,0.12277329659132812,0.12251985598809342,0.12224962555628385,0.12196289837567374,0.12165991977246451,0.1213408950586568,0.12100599602622764,0.1206553663942482,0.12028912637611809,0.11990737650785428,0.11951020085605361,0.11909766970537383,0.11866984180944655,0.11822676627572651,0.11776848414351539,0.11729502970483846,0.11680643160990238,0.11630271379210687,0.11578389624193489,0.1152499956543285,0.11470102597013473,0.11413699882890577,0.11355792394750701
PD22,pathway,japan,Industrial,Oil products,Fuel oil,RESFUEL,Energy industry own use and Losses,CO2e,EREFINER,Mt,0.0,0.0,0.0,0.0,0.0,0.0,0.0,0.0,0.0,0.0,0.0,0.0,0.0,0.0,0.0,0.0,0.0,0.0,0.0,0.0,0.0,0.0,0.0,0.0,0.0,0.0,0.0,0.0,0.0,0.0,0.0,0.0,0.038384210049076994,0.08357676454643936,0.13641774220341985,0.19774352307201815,0.266527789556827,0.3442463356489043,0.4312508515344371,0.5276527515955354,0.6332599061817819,0.7478714499569672,0.8703113487449436,0.9992597156500989,1.1330386554195357,1.2696855826315092,1.408488148562062,1.5460847281942254,1.6803590404168258,1.8093994689550463,1.9315983380634134,2.0477450531390833,2.1551378550543134,2.253278232558649,2.342011031194316,2.4214697439655755,2.4942797360085542,2.5587706160656687,2.615545052443932,2.6652638035084184,2.708606521661351,2.742339032367301,2.773697942769246,2.8005849956355062,2.8235465273234763,2.8430734325164932,2.8596014884006427,2.873513753161641,2.8851442368616995,2.8947822505688072,2.9026770119743186,2.909042221764765,2.9140604281312004,2.917887072240788,2.920654160818813,2.9224735483199376,2.923439834853477,2.923632900570002,2.923120105331047,2.9219581862110453,2.92019488621215,2.9178703465835367,2.9150182930711748,2.9116670437964265,2.907840363611747,2.9035581869253044,2.8988372282577903,2.8936914972693004,2.888132732704484,2.8821707676654986,2.875813836825074,2.869068834624533,2.8619415321448223,2.8544367591683604,2.8465585569487897,2.8383103063495843,2.829694835284172,2.820714508773039,2.8113713044081927,2.8016668755737655,2.791602604396746,2.781179646086382,2.7703989660557866,2.7592613709943894,2.7477675348728496,2.7359180207031333,2.723713298743593,2.711153761727911,2.6982397376021265,2.6849715001763657,2.671349278031254
PD22,pathway,japan,Industrial,Oil products,Fuel oil,RESFUEL,Final consumption,CO2e,AGRICULT,Mt,0.0,0.0,0.0,0.0,0.0,0.0,0.0,0.0,0.0,0.0,0.0,0.0,0.0,0.0,0.0,0.0,0.0,0.0,0.0,0.0,0.0,0.0,0.0,0.0,0.0,0.0,0.0,0.0,0.0,0.0,0.0,0.0,9.323942572240872e-07,2.030170614448912e-06,3.313735498303036e-06,4.803405490952503e-06,6.47425022048602e-06,8.362118329883278e-06,1.0475552756709122e-05,1.2817259877619922e-05,1.5382572654204244e-05,1.8166611848730815e-05,2.114081031052135e-05,2.427310654970587e-05,2.7522742663594066e-05,3.0842045315305863e-05,3.421371077868639e-05,3.7556081521725606e-05,4.081775077189372e-05,4.395228328838788e-05,4.692062687681247e-05,4.9741957053818476e-05,5.235064514834846e-05,5.473458177931863e-05,5.68899980760077e-05,5.882013672884479e-05,6.058877071564839e-05,6.215532441394516e-05,6.353443729313545e-05,6.474215989338202e-05,6.579500171158296e-05,6.66144011267009e-05,6.737614320590989e-05,6.802925899633852e-05,6.858701960299316e-05,6.906134939224896e-05,6.946283386645739e-05,6.980077792604729e-05,7.00832950391208e-05,7.031741288653945e-05,7.050918523739001e-05,7.066380311403906e-05,7.078570081081717e-05,7.087865416292883e-05,7.09458697574684e-05,7.09900646609338e-05,7.101353681298677e-05,7.10182265894632e-05,7.100577023474541e-05,7.097754595415026e-05,7.093471347718561e-05,7.087824787850226e-05,7.08089683931925e-05,7.072756289925876e-05,7.063460867084383e-05,7.053058993642795e-05,7.041591270991854e-05,7.029091730121394e-05,7.015588885720352e-05,7.001106623464562e-05,6.985664946270724e-05,6.969280601487525e-05,6.951967607698972e-05,6.933737696972462e-05,6.914600685953123e-05,6.894564787126465e-05,6.873636869802128e-05,6.851822678872389e-05,6.829127018123566e-05,6.805553903805747e-05,6.781106693255888e-05,6.755788192603032e-05,6.729600746940751e-05,6.702546315805508e-05,6.67462653634542e-05,6.645842776177861e-05,6.61619617761157e-05,6.585687694639423e-05,6.554318123878064e-05,6.522088130442095e-05,6.488998269578752e-05
PD22,pathway,japan,Industrial,Oil products,Fuel oil,RESFUEL,Final consumption,CO2e,CHEMICAL,Mt,0.0,0.0,0.0,0.0,0.0,0.0,0.0,0.0,0.0,0.0,0.0,0.0,0.0,0.0,0.0,0.0,0.0,0.0,0.0,0.0,0.0,0.0,0.0,0.0,0.0,0.0,0.0,0.0,0.0,0.0,0.0,0.0,0.01803502426399728,0.03926898520444211,0.06409659825049707,0.09291084099665792,0.1252294926882953,0.16174596294367016,0.2026254952583031,0.24792043826935872,0.29754051884362176,0.35139135933966936,0.40892039387494183,0.4695074666052085,0.5323642095645862,0.5965684916044571,0.6617856119063187,0.726436093162445,0.7895255894910103,0.8501559178668665,0.9075717033313742,0.9621438521888087,1.01260292861225,1.05871470445199,1.1004062795647904,1.1377403763452998,1.1719505364991138,1.2022519178522661,1.228927687298806,1.2522883056540406,1.2726531111966393,1.2885025099022398,1.3032366599412397,1.3158696840469954,1.3266582812488554,1.335833101012153,1.3435988955543934,1.3501356467917105,1.3556002911197924,1.3601287628752923,1.3638381583096342,1.3668288858215294,1.3691867166447946,1.3709846856345917,1.3722848168495236,1.373139665697173,1.373593680539633,1.373684393488463,1.37344345393115,1.3728975200824338,1.3720690242445848,1.370976826996001,1.3696367745569409,1.3680621723466178,1.366264186406748,1.364252183024525,1.3620340156059665,1.3596162666640252,1.357004451710008,1.354203190879012,1.3512163532756059,1.3480471782895393,1.3446983774937409,1.341172220187046,1.3374706051738683,1.3335951209708066,1.3295470962879536,1.325327642342703,1.3209376883171269,1.3163780110625127,1.3116492599785405,1.3067519778463903,1.3016866182705236,1.296453560278238,1.2910531205382163,1.2854855635846105,1.2797511103707966,1.2738499454247734,1.2677822228337243,1.2615480712487857,1.2551475980697746
PD22,pathway,japan,Industrial,Oil products,Fuel oil,RESFUEL,Final consumption,CO2e,CONSTRUC,Mt,0.0,0.0,0.0,0.0,0.0,0.0,0.0,0.0,0.0,0.0,0.0,0.0,0.0,0.0,0.0,0.0,0.0,0.0,0.0,0.0,0.0,0.0,0.0,0.0,0.0,0.0,0.0,0.0,0.0,0.0,0.0,0.0,9.323942572240872e-07,2.030170614448912e-06,3.313735498303036e-06,4.803405490952503e-06,6.47425022048602e-06,8.362118329883278e-06,1.0475552756709122e-05,1.2817259877619922e-05,1.5382572654204244e-05,1.8166611848730815e-05,2.114081031052135e-05,2.427310654970587e-05,2.7522742663594066e-05,3.0842045315305863e-05,3.421371077868639e-05,3.7556081521725606e-05,4.081775077189372e-05,4.395228328838788e-05,4.692062687681247e-05,4.9741957053818476e-05,5.235064514834846e-05,5.473458177931863e-05,5.68899980760077e-05,5.882013672884479e-05,6.058877071564839e-05,6.215532441394516e-05,6.353443729313545e-05,6.474215989338202e-05,6.579500171158296e-05,6.66144011267009e-05,6.737614320590989e-05,6.802925899633852e-05,6.858701960299316e-05,6.906134939224896e-05,6.946283386645739e-05,6.980077792604729e-05,7.00832950391208e-05,7.031741288653945e-05,7.050918523739001e-05,7.066380311403906e-05,7.078570081081717e-05,7.087865416292883e-05,7.09458697574684e-05,7.09900646609338e-05,7.101353681298677e-05,7.10182265894632e-05,7.100577023474541e-05,7.097754595415026e-05,7.093471347718561e-05,7.087824787850226e-05,7.08089683931925e-05,7.072756289925876e-05,7.063460867084383e-05,7.053058993642795e-05,7.041591270991854e-05,7.029091730121394e-05,7.015588885720352e-05,7.001106623464562e-05,6.985664946270724e-05,6.969280601487525e-05,6.951967607698972e-05,6.933737696972462e-05,6.914600685953123e-05,6.894564787126465e-05,6.873636869802128e-05,6.851822678872389e-05,6.829127018123566e-05,6.805553903805747e-05,6.781106693255888e-05,6.755788192603032e-05,6.729600746940751e-05,6.702546315805508e-05,6.67462653634542e-05,6.645842776177861e-05,6.61619617761157e-05,6.585687694639423e-05,6.554318123878064e-05,6.522088130442095e-05,6.488998269578752e-05
PD22,pathway,japan,Industrial,Oil products,Fuel oil,RESFUEL,Final consumption,CO2e,FISHING,Mt,0.0,0.0,0.0,0.0,0.0,0.0,0.0,0.0,0.0,0.0,0.0,0.0,0.0,0.0,0.0,0.0,0.0,0.0,0.0,0.0,0.0,0.0,0.0,0.0,0.0,0.0,0.0,0.0,0.0,0.0,0.0,0.0,9.323942572240872e-07,2.030170614448912e-06,3.313735498303036e-06,4.803405490952503e-06,6.47425022048602e-06,8.362118329883278e-06,1.0475552756709122e-05,1.2817259877619922e-05,1.5382572654204244e-05,1.8166611848730815e-05,2.114081031052135e-05,2.427310654970587e-05,2.7522742663594066e-05,3.0842045315305863e-05,3.421371077868639e-05,3.7556081521725606e-05,4.081775077189372e-05,4.395228328838788e-05,4.692062687681247e-05,4.9741957053818476e-05,5.235064514834846e-05,5.473458177931863e-05,5.68899980760077e-05,5.882013672884479e-05,6.058877071564839e-05,6.215532441394516e-05,6.353443729313545e-05,6.474215989338202e-05,6.579500171158296e-05,6.66144011267009e-05,6.737614320590989e-05,6.802925899633852e-05,6.858701960299316e-05,6.906134939224896e-05,6.946283386645739e-05,6.980077792604729e-05,7.00832950391208e-05,7.031741288653945e-05,7.050918523739001e-05,7.066380311403906e-05,7.078570081081717e-05,7.087865416292883e-05,7.09458697574684e-05,7.09900646609338e-05,7.101353681298677e-05,7.10182265894632e-05,7.100577023474541e-05,7.097754595415026e-05,7.093471347718561e-05,7.087824787850226e-05,7.08089683931925e-05,7.072756289925876e-05,7.063460867084383e-05,7.053058993642795e-05,7.041591270991854e-05,7.029091730121394e-05,7.015588885720352e-05,7.001106623464562e-05,6.985664946270724e-05,6.969280601487525e-05,6.951967607698972e-05,6.933737696972462e-05,6.914600685953123e-05,6.894564787126465e-05,6.873636869802128e-05,6.851822678872389e-05,6.829127018123566e-05,6.805553903805747e-05,6.781106693255888e-05,6.755788192603032e-05,6.729600746940751e-05,6.702546315805508e-05,6.67462653634542e-05,6.645842776177861e-05,6.61619617761157e-05,6.585687694639423e-05,6.554318123878064e-05,6.522088130442095e-05,6.488998269578752e-05
PD22,pathway,japan,Industrial,Oil products,Fuel oil,RESFUEL,Final consumption,CO2e,FOODPRO,Mt,0.0,0.0,0.0,0.0,0.0,0.0,0.0,0.0,0.0,0.0,0.0,0.0,0.0,0.0,0.0,0.0,0.0,0.0,0.0,0.0,0.0,0.0,0.0,0.0,0.0,0.0,0.0,0.0,0.0,0.0,0.0,0.0,0.0003883838861571329,0.0008456568095444351,0.00138031895901998,0.0020008330992071603,0.002696814615817285,0.0034831960710857354,0.0043635359803775725,0.005338961670545227,0.006407529111473714,0.007567205882546026,0.008806092488553022,0.010110833885815261,0.011464452585983994,0.012847090513250482,0.014251539892194683,0.015643786710642732,0.017002417749953237,0.018308090656676535,0.01954453844621378,0.020719748578395696,0.021806383778125264,0.02279939994689174,0.023697227181571204,0.024501216207675636,0.025237931321118547,0.02589047096140946,0.026464933121937918,0.026968003570140845,0.02740655924945081,0.027747875733001293,0.028065175358862784,0.028337227279852138,0.028569559504422918,0.028767139064189536,0.028934375294053346,0.029075144100971995,0.029192825107082078,0.029290345655599716,0.02937022741195306,0.02943463266899647,0.029485408508531607,0.029524127734700957,0.02955212603436376,0.02957053518716928,0.029580312387704543,0.029582265889239984,0.029577077260700965,0.029565320586207745,0.029547478944940246,0.029523958499076363,0.029495100496651855,0.029461191469602875,0.029422471878414045,0.029379143425892408,0.029331375234979216,0.029279309059958975,0.02922306367725719,0.029162738581390592,0.029098417093448556,0.029030168973624412,0.028958052615586868,0.028882116888640855,0.028802402683501385,0.028718944208841586,0.028631770078406674,0.02854090422224096,0.02844636665026176,0.02834817409194595,0.02824634053210267,0.028140877659513727,0.028031795242542124,0.02791910144353311,0.02780280308194043,0.027682905854501755,0.027559414519443593,0.02743233305057271,0.027301664766153512,0.027167412436685644,0.027029578375022015
PD22,pathway,japan,Industrial,Oil products,Fuel oil,RESFUEL,Final consumption,CO2e,INONSPEC,Mt,0.0,0.0,0.0,0.0,0.0,0.0,0.0,0.0,0.0,0.0,0.0,0.0,0.0,0.0,0.0,0.0,0.0,0.0,0.0,0.0,0.0,0.0,0.0,0.0,0.0,0.0,0.0,0.0,0.0,0.0,0.0,0.0,0.0007583343378489427,0.0016511771460412106,0.00269512536723851,0.003906702871858195,0.005265633304775558,0.006801073062789674,0.008519970282755002,0.010424526113309913,0.012510944761573814,0.014775257848842642,0.017194231157267037,0.019741788455142836,0.02238478054950873,0.025084433790617373,0.02782667472229474,0.030545089689600954,0.03319786856714614,0.035747244672741645,0.038161456099072996,0.04045609866583741,0.04257779530166768,0.04451669721200636,0.04626973910117974,0.047839558312222016,0.04927802264518873,0.05055213115915523,0.051673790418590555,0.052656054639189535,0.053512351315063635,0.0541787847557277,0.054798324366544714,0.055329516109346666,0.05578315363129465,0.056168935250894295,0.05649547036256681,0.056770326822346014,0.05700010347124071,0.05719051605843251,0.0573464882317629,0.05747224195042837,0.05757138371203332,0.05764698447660077,0.05770165222362234,0.05773759679599186,0.0577566871526163,0.05776050143880625,0.057750370443860985,0.0577274150889019,0.057692578604436495,0.05764665403759471,0.05759030768817027,0.057524099020687364,0.057448497543405475,0.057363897088741594,0.0572706278756833,0.057168966684872924,0.05705914543180743,0.056941358383322205,0.05681576822701934,0.05668251117233471,0.056541701235131595,0.0563934338345902,0.05623778881138979,0.056074832959268205,0.05590462214765341,0.0557272031008688,0.055542614889040436,0.05535089017710946,0.055152056270948595,0.054946135993349784,0.05473314841741401,0.05451310948043143,0.054286032497645326,0.054051928592153096,0.053810807054573334,0.05356267564391516,0.05330754083921629,0.05304540804998284,0.052776281792148265
PD22,pathway,japan,Industrial,Oil products,Fuel oil,RESFUEL,Final consumption,CO2e,IRONSTL,Mt,0.0,0.0,0.0,0.0,0.0,0.0,0.0,0.0,0.0,0.0,0.0,0.0,0.0,0.0,0.0,0.0,0.0,0.0,0.0,0.0,0.0,0.0,0.0,0.0,0.0,0.0,0.0,0.0,0.0,0.0,0.0,0.0,0.002416724702898665,0.005262112499110405,0.008589055944492358,0.012450214722026176,0.01678097040964005,0.021674241105427317,0.027152169725958214,0.03322177107990423,0.03987094840998609,0.04708705494766657,0.054796045901055634,0.0629148193055281,0.0713377324788101,0.07994121823886984,0.08868042609233867,0.0973437033255095,0.1057978058561644,0.11392237559258002,0.12161619097298994,0.1289289540889957,0.13569055832600366,0.14186961670347925,0.14745636047509705,0.15245919455112233,0.15704341567129504,0.16110385361560678,0.16467845324167876,0.16780881684017893,0.1705377362973474,0.172661583363879,0.17463598516418877,0.17632883242526184,0.1777745232646919,0.1790039651130662,0.1800445951246007,0.18092053118993023,0.18165280305976045,0.18225962617226069,0.18275669162932742,0.18315745433149158,0.18347340777366228,0.18371433875379753,0.18388855860391481,0.1840031098402824,0.1840639486209346,0.18407610431427338,0.1840438179934157,0.18397066190562628,0.1838596420185294,0.1837132856825216,0.18353371631875195,0.1833227168765985,0.18308178362512395,0.18281217166314606,0.18251493336076707,0.1821909507862018,0.18184096302758399,0.18146558919107383,0.1810653477434309,0.18064067276853074,0.1801919276218747,0.17971941639346412,0.17922339352640174,0.17870407188468204,0.1781616295177747,0.1775962153307483,0.17700795383562076,0.17639694913181952,0.1757632882400342,0.1751070438938894,0.1744282768771741,0.17372703798020714,0.17300336963714422,0.17225730729602307,0.1714888805649814,0.1706981141710928,0.16988502876230863,0.16904964157810545,0.1681919670102461
PD22,pathway,japan,Industrial,Oil products,Fuel oil,RESFUEL,Final consumption,CO2e,MACHINE,Mt,0.0,0.0,0.0,0.0,0.0,0.0,0.0,0.0,0.0,0.0,0.0,0.0,0.0,0.0,0.0,0.0,0.0,0.0,0.0,0.0,0.0,0.0,0.0,0.0,0.0,0.0,0.0,0.0,0.0,0.0,0.0,0.0,3.591582678827246e-07,7.820217206857192e-07,1.276450913946321e-06,1.8502717951149019e-06,2.493881184931214e-06,3.2210879806710428e-06,4.035182921884353e-06,4.937208504859195e-06,5.925366986399479e-06,6.997778884131109e-06,8.143440131612826e-06,9.350000642946695e-06,1.060176047401643e-05,1.1880355855455812e-05,1.317912139194999e-05,1.4466602602168699e-05,1.572299759733346e-05,1.6930419522687005e-05,1.8073825472948156e-05,1.916060185713087e-05,2.016546851114382e-05,2.108376090139353e-05,2.191402725887816e-05,2.265751666795101e-05,2.3338794479667756e-05,2.394223096425167e-05,2.447346524531577e-05,2.4938679990930748e-05,2.534423465930175e-05,2.565986731400518e-05,2.5953290362916484e-05,2.6204870565389595e-05,2.6419719951072963e-05,2.6602431785894288e-05,2.675708360535938e-05,2.68872596571134e-05,2.699608524906932e-05,2.708626744389498e-05,2.7160138153442615e-05,2.7219696959527825e-05,2.7266651952326753e-05,2.7302457583560168e-05,2.7328349030576806e-05,2.7345372907391676e-05,2.735441438036248e-05,2.7356220882261202e-05,2.7351422694423906e-05,2.7340550701538657e-05,2.7324051631411875e-05,2.7302301082799043e-05,2.727561462505772e-05,2.7244257228794443e-05,2.7208451260009013e-05,2.7168383243512017e-05,2.7124209575860596e-05,2.7076061344427584e-05,2.702404838779477e-05,2.6968262713585464e-05,2.6908781373034798e-05,2.6845668876929912e-05,2.6778979224856403e-05,2.6708757608737886e-05,2.6635041842291393e-05,2.6557863560011107e-05,2.6477249222477763e-05,2.6393220959016406e-05,2.6305797273811938e-05,2.6214993637459716e-05,2.612082298242165e-05,2.602329611790684e-05,2.5922422077215738e-05,2.5818208408482782e-05,2.5710661418002527e-05,2.5599786373837094e-05,2.5485587676159737e-05,2.5368068999751027e-05,2.5247233413178265e-05,2.5123083478462922e-05,2.499562133441732e-05
PD22,pathway,japan,Industrial,Oil products,Fuel oil,RESFUEL,Final consumption,CO2e,MINING,Mt,0.0,0.0,0.0,0.0,0.0,0.0,0.0,0.0,0.0,0.0,0.0,0.0,0.0,0.0,0.0,0.0,0.0,0.0,0.0,0.0,0.0,0.0,0.0,0.0,0.0,0.0,0.0,0.0,0.0,0.0,0.0,0.0,9.525339731801394e-07,2.0740222997209966e-06,3.3853121850663676e-06,4.907159049557079e-06,6.614094025248512e-06,8.542740085808759e-06,1.0701824696254048e-05,1.3094112690976525e-05,1.571483622353507e-05,1.8559010664663403e-05,2.159745181322862e-05,2.479740565117951e-05,2.8117233905127704e-05,3.150823349411646e-05,3.495272693150601e-05,3.8367292882594886e-05,4.169941418856663e-05,4.490165260741705e-05,4.7934112417351624e-05,5.081638332618097e-05,5.3481419083552805e-05,5.5916848745751914e-05,5.8118822034449504e-05,6.009065168218787e-05,6.189748816310642e-05,6.349787942128638e-05,6.490678113866721e-05,6.614059054707908e-05,6.721617374855317e-05,6.805327219103766e-05,6.883146789915756e-05,6.949869099065944e-05,7.006849922641785e-05,7.055307453912157e-05,7.096323107797291e-05,7.130847472924993e-05,7.159709421196582e-05,7.183626900488871e-05,7.203218363851765e-05,7.219014126130231e-05,7.231467194833082e-05,7.24096330928481e-05,7.247830054422974e-05,7.252345005760998e-05,7.25474292081473e-05,7.255222028379562e-05,7.253949487181592e-05,7.251066094675992e-05,7.246690328829283e-05,7.240921803267792e-05,7.233844211048547e-05,7.225527825788274e-05,7.216031621813406e-05,7.205405067905481e-05,7.193689642445277e-05,7.180920111492017e-05,7.167125605651913e-05,7.152330526531398e-05,7.136555309110172e-05,7.119817062479655e-05,7.10213010802527e-05,7.083506431227066e-05,7.06395606076971e-05,7.043487386528398e-05,7.022107426189854e-05,6.999822048736033e-05,6.976636161715035e-05,6.952553868127955e-05,6.927578597830215e-05,6.901713217563259e-05,6.874960123074674e-05,6.847321316226908e-05,6.818798469530483e-05,6.789392980143304e-05,6.759106015047982e-05,6.727938548843637e-05,6.69589139535383e-05,6.662965234059646e-05,6.629160632201654e-05
PD22,pathway,japan,Industrial,Oil products,Fuel oil,RESFUEL,Final consumption,CO2e,NONFERR,Mt,0.0,0.0,0.0,0.0,0.0,0.0,0.0,0.0,0.0,0.0,0.0,0.0,0.0,0.0,0.0,0.0,0.0,0.0,0.0,0.0,0.0,0.0,0.0,0.0,0.0,0.0,0.0,0.0,0.0,0.0,0.0,0.0,0.003266691671446581,0.007112808113576619,0.01160984430117698,0.016828980434297064,0.0226828716610592,0.029297115562687437,0.036701642764318476,0.04490593519702904,0.05389364164952534,0.06364766745918338,0.07406792613096669,0.08504208857112441,0.09642735735224608,0.10805670646432591,0.11986951140471715,0.1315796807719966,0.1430071082705947,0.15398910562436952,0.16438885144344734,0.17427352814562413,0.18341320227572203,0.19176544798863718,0.19931706085019318,0.20607940179460404,0.21227590275947436,0.21776440494559401,0.22259619849379567,0.22682751730456246,0.23051620325711986,0.23338701163481523,0.23605581454373784,0.2383440396122141,0.24029818284540416,0.24196002187977786,0.24336664357221133,0.24455064812428118,0.24554046149257244,0.24636070552171987,0.2470325899059099,0.24757430166141758,0.2480013765685702,0.24832704346197235,0.24856253678593113,0.24871737592393767,0.24879961182685997,0.2488160427021445,0.24877240121690586,0.24867351598500062,0.24852345017894947,0.24832562002339775,0.24808289575100967,0.2477976873780677,0.24747201741449154,0.2471075823798932,0.24670580476506948,0.24626787686341117,0.2457947977018444,0.24528740412741867,0.24474639695270203,0.24417236292974773,0.24356579320692198,0.24292709882329502,0.24225662371012383,0.24155465559610037,0.24082143515105311,0.2400571636502646,0.23926200939688164,0.23843611310231064,0.23757959239259396,0.2366925455819193,0.23577505483185704,0.23482718879578401,0.2338490048320343,0.23284055085579233,0.23180186688843768,0.23073298635360584,0.22963393716117433,0.22850474261377862,0.22734542216479361
PD22,pathway,japan,Industrial,Oil products,Fuel oil,RESFUEL,Final consumption,CO2e,NONMET,Mt,0.0,0.0,0.0,0.0,0.0,0.0,0.0,0.0,0.0,0.0,0.0,0.0,0.0,0.0,0.0,0.0,0.0,0.0,0.0,0.0,0.0,0.0,0.0,0.0,0.0,0.0,0.0,0.0,0.0,0.0,0.0,0.0,0.015308958745421375,0.03333332218850793,0.05440814295423824,0.07886699851353618,0.10630055769330471,0.13729741849509025,0.17199784720403044,0.2104462797529525,0.25256608815112136,0.29827716031230467,0.3471104528808405,0.39853954903044186,0.45189524574317863,0.5063947956545103,0.5617540893034507,0.6166323936480397,0.6701856621341544,0.7216514756667847,0.7703886372112134,0.8167119891112846,0.8595439758051207,0.8986857736577534,0.9340755016720168,0.9657664015035938,0.9948055601319794,1.0205267673937146,1.0431703883826084,1.0629999565291701,1.0802865408634392,1.093740240030795,1.1062472647951689,1.1169707571528145,1.1261286150556706,1.1339166243866805,1.1405085882527843,1.1460572835889444,1.1506959252315847,1.1545399005026993,1.1576886060904237,1.1602272732653716,1.1622287085988474,1.1637549074376974,1.1648585186578257,1.1655841537083071,1.165969542404839,1.166046543731313,1.165842023144645,1.1653786093645808,1.1646753439618445,1.16374823666353,1.1626107384707924,1.1612741436359075,1.159747930409055,1.158040049325934,1.1561571667190649,1.1541048701284327,1.151887841373914,1.1495100022388434,1.1469746369972729,1.1442844953923308,1.1414418791319327,1.1384487145013855,1.1353066132932772,1.1320169239136157,1.1285807742326888,1.1249991075029693,1.1212727124569695,1.117402248521821,1.1133882669378643,1.109231228442749,1.104931518076821,1.100489457575898,1.0959053157429328,1.0911793171266913,1.0863116492825688,1.0813024688464248,1.076151906614553,1.0708600717919599,1.065427055544554
PD22,pathway,japan,Industrial,Oil products,Fuel oil,RESFUEL,Final consumption,CO2e,PAPERPRO,Mt,0.0,0.0,0.0,0.0,0.0,0.0,0.0,0.0,0.0,0.0,0.0,0.0,0.0,0.0,0.0,0.0,0.0,0.0,0.0,0.0,0.0,0.0,0.0,0.0,0.0,0.0,0.0,0.0,0.0,0.0,0.0,0.0,0.014028466840430354,0.030545212955304102,0.04985726606071095,0.07227030210544572,0.09740922772855287,0.1258134086494359,0.15761137881756848,0.19284385739749776,0.2314406258168853,0.27332827282915917,0.3180769874150958,0.36520438399154576,0.41409723389268915,0.46403826133050596,0.5147671206982978,0.565055222296805,0.6141291184152338,0.6612901612114467,0.7059507854898415,0.748399499140082,0.7876488769087651,0.8235167254268565,0.8559463396283076,0.8849865078607575,0.9115967352881549,0.9351665357669107,0.9559161694599907,0.9740871269908082,0.9899278042798582,1.0022561915848942,1.0137170874627366,1.023543631478856,1.0319354958803466,1.0390720903718373,1.0451126805939914,1.0501972647140088,1.054447915039125,1.0579703675143721,1.0608557049603875,1.0631820296226249,1.0650160582901411,1.0664146008140811,1.0674259023443646,1.0680908428810278,1.0684439963932866,1.068514557074328,1.0683271432654615,1.067902490945527,1.0672580489853407,1.0664084880055111,1.0653661339210025,1.064141336295502,1.06274278058702,1.061177752322173,1.0594523602393977,1.057571724518368,1.0555401353760727,1.0533611865649266,1.0510378876514466,1.0485727583811573,1.0459679079395168,1.0432251014909633,1.0403458160124255,1.0373312871247768,1.034182548359506,1.0309004640723318,1.0274857570235731,1.023939031483696,1.0202607925854772,1.0164514625289467,1.0125113941484036,1.008440882268618,1.0042401732089756,0.9999094727362416,0.9954489527180579,0.9908587566887429,0.9861390045043564,0.9812897962356371,0.9763112154230752
PD22,pathway,japan,Industrial,Oil products,Fuel oil,RESFUEL,Final consumption,CO2e,TEXTILES,Mt,0.0,0.0,0.0,0.0,0.0,0.0,0.0,0.0,0.0,0.0,0.0,0.0,0.0,0.0,0.0,0.0,0.0,0.0,0.0,0.0,0.0,0.0,0.0,0.0,0.0,0.0,0.0,0.0,0.0,0.0,0.0,0.0,0.0005552847891859003,0.0012090624249573231,0.001973485897554965,0.0028606546906013858,0.0038557215909098344,0.004980036157430666,0.006238686112710397,0.007633283231788884,0.00916104807300791,0.01081907481999846,0.01259035038616212,0.014455780640978987,0.016391092329623987,0.01836789372980352,0.020375879655856487,0.022366419193235412,0.02430889718249914,0.02617565924600618,0.0279434479587304,0.029623683245921836,0.0311772801362925,0.03259702692184422,0.03388067906217177,0.03503016773248067,0.036083472751146387,0.03701642941981667,0.037837756233502384,0.03855701204645595,0.03918402904332843,0.03967202007068356,0.04012567343307864,0.040514634713344204,0.04084680748090769,0.04112929325877556,0.04136839621323386,0.041569657851679244,0.04173791012732228,0.04187733835582247,0.04199154784240894,0.042083630085917215,0.04215622591791987,0.04221158402650058,0.042251614085624965,0.04227793423663805,0.04229191301107118,0.042294705994320336,0.04228728764714594,0.04227047875586548,0.04224496999414013,0.04221134206494793,0.04217008286145425,0.042121602047477405,0.04206624341701674,0.04200429535098782,0.04193599964983638,0.0418615589841695,0.04178114317241873,0.04169489446505772,0.04160293198889678,0.04150535548230209,0.041402248432558186,0.041293680709663945,0.04117971077637459,0.0410603875419176,0.04093575191627419,0.04080583811298948,0.04067067474087836,0.04053028571860581,0.04038469104069802,0.04023390741897795,0.04007794881958471,0.03991682691248285,0.03975055144766213,0.03957913056992951,0.039402571082272735,0.03922087866616963,0.03903405806584832,0.03884211324238024,0.038645047502524704
PD22,pathway,japan,Industrial,Oil products,Fuel oil,RESFUEL,Final consumption,CO2e,TRANSEQ,Mt,0.0,0.0,0.0,0.0,0.0,0.0,0.0,0.0,0.0,0.0,0.0,0.0,0.0,0.0,0.0,0.0,0.0,0.0,0.0,0.0,0.0,0.0,0.0,0.0,0.0,0.0,0.0,0.0,0.0,0.0,0.0,0.0,0.00021532293398917636,0.00046883846593306737,0.000765259164168355,0.0011092768487558583,0.0014951342117930488,0.0019311099775707642,0.0024191770136469982,0.0029599603184680967,0.0035523821071849863,0.004195315590592575,0.004882163599465401,0.005605521997609596,0.006355978338388428,0.007122523155912814,0.007901160405531328,0.00867303246426046,0.009426267683382662,0.010150142517345492,0.010835638428110118,0.011487183723202088,0.01208962241265642,0.012640158010497834,0.013137920150681874,0.013583657685544134,0.013992098059603617,0.014353870921196627,0.014672357043508876,0.014951263066058117,0.01519440161776526,0.015383630031395236,0.0155595433193284,0.01571037094094893,0.01583917766552703,0.01594871725257371,0.01604143427036727,0.01611947755074069,0.016184720781506883,0.016238786903659427,0.016283073947389277,0.016318780704042163,0.016346931209596464,0.016368397438443046,0.01638391990537584,0.016394126077505074,0.016399546630675506,0.016400629666550978,0.016397753052046042,0.01639123506369466,0.01638134352421059,0.016368303612945855,0.0163523045203661,0.016333505101921768,0.01631203867070565,0.016288017052263955,0.016261534009621388,0.016232668132414488,0.016201485271182717,0.016168040586431003,0.016132380271995025,0.016094543003448217,0.016054561154677655,0.01601246181919183,0.015968267667109272,0.015921997663974435,0.01587366767346189,0.015823290962567342,0.015770878624938745,0.015716439935523324,0.01565998264760395,0.01560151324152877,0.015541037132951357,0.015478558847137025,0.015414082164841976,0.015347610244380226,0.015279145723748168,0.015208690806054023,0.015136247330968423,0.0150618168344771,0.014985400598843035
PD22,pathway,japan,Industrial,Oil products,Fuel oil,RESFUEL,Final consumption,CO2e,WOODPRO,Mt,0.0,0.0,0.0,0.0,0.0,0.0,0.0,0.0,0.0,0.0,0.0,0.0,0.0,0.0,0.0,0.0,0.0,0.0,0.0,0.0,0.0,0.0,0.0,0.0,0.0,0.0,0.0,0.0,0.0,0.0,0.0,0.0,9.262814804737382e-05,0.00020168608159005803,0.00032920106483761476,0.00047719143645538146,0.000643180503604051,0.000830729628211257,0.0010406875032836138,0.001273322992186225,0.001528172450788329,0.0018047511541450538,0.002100221115812557,0.0024113972063165975,0.0027342303562691555,0.003063984486621871,0.0033989405690821313,0.003730986385126917,0.004055014959783318,0.004366413211914919,0.004661301524700808,0.004941584878337363,0.005200743431875588,0.00543757418611734,0.005651702724862139,0.005843451191245049,0.006019155073483659,0.006174783410708732,0.006311790552224165,0.006431771029312101,0.006536364968036182,0.006617767711291424,0.006693442521105194,0.006758325917435853,0.006813736310247596,0.006860858318563339,0.006900743552762891,0.006934316402596412,0.006962382895684433,0.006985641192765529,0.007004692701897367,0.007020053122082339,0.0070321629756301424,0.007041397370623665,0.007048074863533841,0.0070524653797016685,0.007054797206564082,0.007055263109594266,0.007054025640508638,0.007051221716287481,0.007046966549562914,0.007041357008541076,0.007034474479640667,0.007026387299689117,0.007017152817639773,0.007006819138880468,0.006995426598619226,0.006983009004738714,0.006969594684985564,0.006955207368441123,0.0069398669268829665,0.006923589997864167,0.006906390508062891,0.006888280112631104,0.00686926856385601,0.006849364020382061,0.006828573306483701,0.006806902129389698,0.006784355261392742,0.006760936692412395,0.0067366497577749,0.006711497245212322,0.006685481484443804,0.006658604422159083,0.006630867684773137,0.006602272630937237,0.0065728203954711455,0.006542511926113363,0.006511348014257914,0.0064793293206589124,0.00644645639692339
PD22,pathway,japan,Industrial,Oil products,Gas/diesel oil excl. biofuels,NONBIODIES,Energy industry own use and Losses,CO2e,ECOKEOVS,Mt,0.0,0.0,0.0,0.0,0.0,0.0,0.0,0.0,0.0,0.0,0.0,0.0,0.0,0.0,0.0,0.0,0.0,0.0,0.0,0.0,0.0,0.0,0.0,0.0,0.0,0.0,0.0,0.0,0.0,0.0,0.0,0.0,0.0002254289078221644,0.0004953267239557954,0.000815606330748727,0.0011922790057447043,0.0015982120390625014,0.0020530420931448006,0.0025580862464278393,0.003113220545237166,0.003716546991821253,0.004388187853660672,0.0051054606251410735,0.00586059984480935,0.006643748295680121,0.007443388831267987,0.008243120365518733,0.009033293492689085,0.00980165790517689,0.01053723237405508,0.011230869438905347,0.011882253080182448,0.012480662359145689,0.013023570699262254,0.013510442391184277,0.013942398429765163,0.014342764967869128,0.014694609510481465,0.015001590876149874,0.01526767613809685,0.015496915416370532,0.015657232556963285,0.015813321086816913,0.01594381508109339,0.016051931217161686,0.016140550616273862,0.016212223666806462,0.016269186433991296,0.016313384021531253,0.01634649747768394,0.016369971848291164,0.01638504377073761,0.016392767598811586,0.01639403948138821,0.01638961912143458,0.016380149146644606,0.016366172154778875,0.01634814557609358,0.016326454537937896,0.016301422934518587,0.016273322906606918,0.016242382927724678,0.016208794679365656,0.016172718880971434,0.01613429022258604,0.01609362153056731,0.01605080728014279,0.016005926553360226,0.01595904552726293,0.015910219564950867,0.015859494971518333,0.01580691046758075,0.015752498425096014,0.015696285903308824,0.01563829551676944,0.015578546162373171,0.015517053628115415,0.015453831102656797,0.015388889601748942,0.015322238325001458,0.01525388495430588,0.015183835903408485,0.015112096526591791,0.01503867129313513,0.014963563933142994,0.014886777559422663,0.014808314769330077,0.01472817772986483,0.014646368248760233,0.01456288783386593,0.014477737742744383
PD22,pathway,japan,Industrial,Oil products,Gas/diesel oil excl. biofuels,NONBIODIES,Energy industry own use and Losses,CO2e,EPOWERPLT,Mt,0.0,0.0,0.0,0.0,0.0,0.0,0.0,0.0,0.0,0.0,0.0,0.0,0.0,0.0,0.0,0.0,0.0,0.0,0.0,0.0,0.0,0.0,0.0,0.0,0.0,0.0,0.0,0.0,0.0,0.0,0.0,0.0,0.0007596940960981485,0.0016541378477174587,0.0026999579572556387,0.003913707923841277,0.005275075035112806,0.006813267967779452,0.008535247317298635,0.010443218179156229,0.012533377954290784,0.014801751148356204,0.017225061882565722,0.01977718716830415,0.02242491837327537,0.025129412323265796,0.027876570327192225,0.030599859644758025,0.03325739518144683,0.035811342536182574,0.03822988284983765,0.040528639906746336,0.04265414092589261,0.04459651945298908,0.046352704696025045,0.04792533872701602,0.049366382349413956,0.05064277544878794,0.051766445939094255,0.052750471443351626,0.053608303532315535,0.05427593194506943,0.05489658244333341,0.05542872665830775,0.055883177591085034,0.05626965095008438,0.0565967715671067,0.05687212086799817,0.05710230952605322,0.05729306353928006,0.05744931538404128,0.057575294589866946,0.05767461412111974,0.05775035044431632,0.057805116215278354,0.05784112523933674,0.057860249826601415,0.057864070952132335,0.05785392179144768,0.05783092527557617,0.057796026326318195,0.057750019412804915,0.05769357202956249,0.057627244644282864,0.05755150760709389,0.05746675545658773,0.057373319003862805,0.05727147552585278,0.057161457353898965,0.05704345910317373,0.05691764375299197,0.05678414775702465,0.056643085335575334,0.05649455207891888,0.05633862797089575,0.05617537992501065,0.05600486391087021,0.05582712673657851,0.05564220754231772,0.055450139051599984,0.05525094861925979,0.05504465910901231,0.054831289628158204,0.054610856142564584,0.05438337199135008,0.05414884831755675,0.05390729442846205,0.05365871809698771,0.05340312581378888,0.053140522998071385,0.05287091417386614
PD22,pathway,japan,Industrial,Oil products,Gas/diesel oil excl. biofuels,NONBIODIES,Energy industry own use and Losses,CO2e,EREFINER,Mt,0.0,0.0,0.0,0.0,0.0,0.0,0.0,0.0,0.0,0.0,0.0,0.0,0.0,0.0,0.0,0.0,0.0,0.0,0.0,0.0,0.0,0.0,0.0,0.0,0.0,0.0,0.0,0.0,0.0,0.0,0.0,0.0,0.0016736605714067765,0.003644184296831346,0.005948200993957556,0.008622179208417971,0.011621368578254423,0.01501011791281305,0.018803761903031124,0.023007158532391617,0.027611930402477558,0.0326093192141616,0.03794804653736204,0.04357056155487872,0.04940370326837064,0.05536189737959919,0.06141408346109027,0.06741368511490417,0.07326842647423905,0.07889495564041749,0.08422317338504937,0.08928750002540548,0.09397013119037168,0.09824933037362883,0.10211833240017079,0.1055829579441108,0.1087576803815654,0.11156966590970084,0.11404519257831401,0.11621307132871234,0.11810293693588285,0.11957377020484734,0.12094110775940191,0.1221134596250793,0.12311464761868732,0.12396607614258724,0.12468674631972362,0.12529336057489998,0.12580048269543573,0.12622072746555452,0.12656496148439128,0.12684250270880051,0.1270613107583591,0.1272281633094168,0.12734881623010236,0.12742814669231195,0.12747027952948117,0.12747869774303888,0.12745633841425377,0.12740567544070752,0.12732879055288673,0.12722743402325884,0.12710307639013108,0.12695695240401983,0.1267900982799857,0.12660338321483958,0.12639753600915377,0.12617316752389668,0.12593078960167364,0.12567083099366538,0.12539365075498976,0.12509954950286903,0.1247887788728227,0.12446154945708113,0.1241180374657804,0.12375839031416978,0.12338273130730627,0.12299116356679982,0.12258377332127839,0.12216063266298592,0.12172180185658436,0.12126733127247782,0.12079726300541985,0.12031163222936053,0.11981046833133484,0.11929379586026348,0.11876163532074611,0.11821400383708669,0.11765091570866394,0.11707238287437693,0.11647841530099019
PD22,pathway,japan,Industrial,Oil products,Gas/diesel oil excl. biofuels,NONBIODIES,Final consumption,CO2e,AGRICULT,Mt,0.0,0.0,0.0,0.0,0.0,0.0,0.0,0.0,0.0,0.0,0.0,0.0,0.0,0.0,0.0,0.0,0.0,0.0,0.0,0.0,0.0,0.0,0.0,0.0,0.0,0.0,0.0,0.0,0.0,0.0,0.0,0.0,0.09667874504073026,0.21050574443458014,0.3435969139563806,0.49805885352575885,0.6713065653790444,0.867057148573676,1.086196409168977,1.3290049678323586,1.5949989054349931,1.8836723001772127,2.1920630614459915,2.5168467751528114,2.8537973075006686,3.1979714723365347,3.5475750688529524,3.8941411340064596,4.232339366568504,4.557354956954299,4.865138634036311,5.1576786821384335,5.428170149913781,5.675357431423844,5.898849737376724,6.098983298115768,6.282370650575038,6.444804561355596,6.587802977955217,6.713030159959516,6.822197955579692,6.907160412745138,6.986144455913627,7.05386518080624,7.111698651000564,7.160881288501153,7.202510690247328,7.237551669234468,7.266845500393181,7.29112087479055,7.311005499851347,7.327037625917626,7.339677039187877,7.349315251092182,7.35628474846618,7.360867260393004,7.363301057240534,7.363787334049674,7.362495750867378,7.359569212006296,7.355127968307245,7.3492731239896365,7.342089624472215,7.333648794928321,7.32401049216127,7.31322492519093,7.301334193070069,7.288373582088409,7.274372658755187,7.259356189816297,7.243344916035302,7.226356202519731,7.208404584956594,7.189502228173632,7.169659310922206,7.148884348621481,7.127184463969074,7.104565613768893,7.0810327790043495,7.056590124072806,7.031241130153178,7.004988706884093,6.977835285862507,6.94978289890623,6.920833243552803,6.890987737866853,6.860247566293419,6.828613718015277,6.796087019033843,6.762668158997777,6.728357713635698
PD22,pathway,japan,Industrial,Oil products,Gas/diesel oil excl. biofuels,NONBIODIES,Final consumption,CO2e,CHEMICAL,Mt,0.0,0.0,0.0,0.0,0.0,0.0,0.0,0.0,0.0,0.0,0.0,0.0,0.0,0.0,0.0,0.0,0.0,0.0,0.0,0.0,0.0,0.0,0.0,0.0,0.0,0.0,0.0,0.0,0.0,0.0,0.0,0.0,0.019657877424075876,0.042802542786581466,0.06986422936085623,0.10127127620926824,0.13649807070457043,0.17630041783382078,0.22085843026737328,0.270229167151788,0.3243142322686037,0.3830107555534661,0.44571644935601884,0.5117553540883372,0.5802681617388794,0.6502497646447385,0.7213353444631414,0.7918032971166623,0.8605698020805294,0.9266558547493547,0.9892381089424618,1.0487208463818245,1.1037204030635546,1.153981474188012,1.199424599807763,1.2401181462930277,1.2774066536505795,1.3104346569236078,1.339510803331673,1.364973490015968,1.3871707904055617,1.404446372209018,1.4205063514568868,1.4342761382745342,1.4460355303478385,1.4560359317698057,1.4645005190626916,1.4716254695309523,1.4775818412438555,1.4825178003745416,1.486560979895585,1.4898208232967944,1.4923908198009295,1.494350576189185,1.4957676976570708,1.4966994687274742,1.497194337378114,1.4972932129883034,1.49703059286565,1.4964355340222224,1.4955324872955649,1.4943420104034193,1.4928813754631343,1.491165085161047,1.4892053102974927,1.4870122599702178,1.4845944942615716,1.4819591880015321,1.4791123530059767,1.476059025145558,1.4728034216801065,1.4693490734907382,1.4656989361469885,1.4618554831469617,1.4578207841559865,1.453596570630817,1.4491842908434254,1.4445851560023457,1.4398001789006305,1.4348302062933032,1.4296759460152473,1.4243379896889499,1.418816831735754,1.4131128852891288,1.4072264955126876,1.4011579507442715,1.3949074918193956,1.3884753198705198,1.3818616028501192,1.3750664809857984,1.368090071341579
PD22,pathway,japan,Industrial,Oil products,Gas/diesel oil excl. biofuels,NONBIODIES,Final consumption,CO2e,CONSTRUC,Mt,0.0,0.0,0.0,0.0,0.0,0.0,0.0,0.0,0.0,0.0,0.0,0.0,0.0,0.0,0.0,0.0,0.0,0.0,0.0,0.0,0.0,0.0,0.0,0.0,0.0,0.0,0.0,0.0,0.0,0.0,0.0,0.0,0.04369679338250476,0.09514424309617509,0.15529869931279228,0.2251123016302472,0.3034166845187043,0.39189189988023143,0.4909383137346288,0.600682760820157,0.7209065196983331,0.8513809241784802,0.990767170561365,1.1375626924299072,1.2898573647069065,1.4454169694793229,1.6034305650873621,1.7600712593373828,1.912929866307987,2.0598301916400725,2.198942048525414,2.3311641003594676,2.4534206498640194,2.565144189121567,2.666158089453935,2.756614320022864,2.839501610771223,2.912918379210864,2.977550706218693,3.0341508027094983,3.0834923886726666,3.121893662235582,3.157592816309152,3.1882011834543733,3.2143407159504767,3.236570250973552,3.2553858796411936,3.2712236774743846,3.2844638833436792,3.2954358505416184,3.304423289842824,3.311669479270555,3.3173822326778684,3.321738505134465,3.3248885738140195,3.3269597744357786,3.328059800278447,3.3282795873396736,3.3276958184520105,3.3263730834094245,3.3243657331051053,3.321719464555327,3.31847267133264,3.3146575909403455,3.310301277415668,3.305426424197232,3.3000520591862563,3.2941941310559524,3.2878660032570415,3.2810788698464766,3.273842105220455,3.266163558048461,3.258049798160414,3.249506323806878,3.240537735572966,3.231147882252035,3.2213399831561067,3.2111167306373574,3.2004803759972793,3.1894328014573587,3.17797558043847,3.1661100280371017,3.153837243284791,3.1411581445211674,3.1280734989980954,3.1145839476514587,3.10069002582592,3.0863921806116372,3.0716907853441673,3.056586151730443,3.0410785399878946
PD22,pathway,japan,Industrial,Oil products,Gas/diesel oil excl. biofuels,NONBIODIES,Final consumption,CO2e,FISHING,Mt,0.0,0.0,0.0,0.0,0.0,0.0,0.0,0.0,0.0,0.0,0.0,0.0,0.0,0.0,0.0,0.0,0.0,0.0,0.0,0.0,0.0,0.0,0.0,0.0,0.0,0.0,0.0,0.0,0.0,0.0,0.0,0.0,0.047922640117403326,0.10434549009645,0.1703173871986583,0.2468825509138166,0.3327596249574545,0.42979113635384447,0.5384161698777943,0.6587738262514748,0.7906242318372332,0.9337166065042055,1.0865826729967907,1.247574554112012,1.4145973996430676,1.5852009240494789,1.75849576080546,1.9302849251172167,2.0979262425607255,2.2590330625141926,2.4115982037414465,2.5566072379321563,2.6906870220622183,2.8132151654345363,2.9239979578950352,3.0232020652991105,3.1141052528641406,3.19462203911245,3.26550485470108,3.3275786556547473,3.381691987180845,3.423806986258612,3.462958548209344,3.496527001400902,3.525194446118928,3.5495737637856233,3.570209021694115,3.5875784675289233,3.6020991124513175,3.614132160981998,3.623988761109116,3.6319357178829907,3.638200942500772,3.6429785030728583,3.6464332098371273,3.648704712945802,3.6499111205216757,3.650152162836737,3.6495119385971613,3.6480612839721944,3.6458598060426497,3.642957621109881,3.6393968357271995,3.635212805035097,3.6304351994233013,3.625088906976456,3.6191947957535557,3.6127703567983938,3.6058302459195586,3.598386739733277,3.5904501192185547,3.582028992077099,3.5731305634965356,3.5637608634544105,3.5539249374510384,3.5436270064904036,3.532870601219023,3.521658674362132,3.509993694940973,3.4978777272036514,3.48531249673405,3.4722994458095258,3.458839779747191,3.444934505697828,3.4305844651129958,3.415790360912458,3.400552780213202,3.384872213342757,3.3687490697413605,3.3521836912606244,3.3351763632831877
PD22,pathway,japan,Industrial,Oil products,Gas/diesel oil excl. biofuels,NONBIODIES,Final consumption,CO2e,FOODPRO,Mt,0.0,0.0,0.0,0.0,0.0,0.0,0.0,0.0,0.0,0.0,0.0,0.0,0.0,0.0,0.0,0.0,0.0,0.0,0.0,0.0,0.0,0.0,0.0,0.0,0.0,0.0,0.0,0.0,0.0,0.0,0.0,0.0,0.025476240270200234,0.055471292280567575,0.09054273028021176,0.13124567365636786,0.17689893830701364,0.22848203331302885,0.2862283813154569,0.3502119298975501,0.42030515940654434,0.49637475216934823,0.5776401546927621,0.6632253360349185,0.7520166491373952,0.8427114933294682,0.9348370708845573,1.0261622152234606,1.1152823152834888,1.2009285994666479,1.2820340265725099,1.359122538126584,1.4304009315436765,1.4955383365941353,1.5544317746771183,1.607169847325565,1.6554950531585535,1.69829872564448,1.7359808657882663,1.7689800299350242,1.7977473147173832,1.8201361445659878,1.8409495763127963,1.8587949616444894,1.8740349131116845,1.8869952457014312,1.8979651919987632,1.9071989941090752,1.9149183400803085,1.9213152504925808,1.9265551352833725,1.9307798311618158,1.934110498406324,1.9366503059115392,1.938486868742259,1.939694426565228,1.9403357670504657,1.9404639079859134,1.9401235572349056,1.9393523721398402,1.9381820405273658,1.9366392048139192,1.9347462493394803,1.9325219693134057,1.9299821378645508,1.9271399857920248,1.924006606801927,1.9205912993392755,1.916901854604639,1.912944798991888,1.908725597990626,1.9042488275565255,1.8995183180522435,1.8945372750849094,1.8893083809019529,1.8838338794388374,1.8781156476288623,1.87215525517556,1.865954014639723,1.859513023399971,1.852833198797032,1.845915307562548,1.8387599904573002,1.8313677828945134,1.8237391321997547,1.815874412053454,1.80777393457392,1.7994379604250477,1.7908667072700921,1.782060356841398,1.7730190608517402
PD22,pathway,japan,Industrial,Oil products,Gas/diesel oil excl. biofuels,NONBIODIES,Final consumption,CO2e,INONSPEC,Mt,0.0,0.0,0.0,0.0,0.0,0.0,0.0,0.0,0.0,0.0,0.0,0.0,0.0,0.0,0.0,0.0,0.0,0.0,0.0,0.0,0.0,0.0,0.0,0.0,0.0,0.0,0.0,0.0,0.0,0.0,0.0,0.0,0.006785182417326063,0.014773876877300363,0.02411458421643925,0.03495515145870837,0.047114156292848985,0.06085247503823593,0.07623227602045457,0.09327325397610536,0.11194144611881846,0.1322013454537712,0.15384506424785743,0.17663928590173777,0.20028740862646033,0.22444250591033982,0.24897865576538603,0.2733016232463022,0.29703731303193176,0.31984780843413696,0.3414489203765503,0.3619801921665389,0.3809640334484339,0.3983123223156728,0.4139976320920905,0.4280435603555502,0.4409141932846641,0.4523142555728271,0.4623502809847049,0.47113907187301124,0.47880077049216685,0.48476367133711407,0.49030699050960014,0.49505981877227917,0.49911873208285396,0.5025705059662047,0.5054921728191718,0.5079514458931992,0.5100073681957745,0.5117110812866472,0.513106639413522,0.5142318184779734,0.5151188875503998,0.5157953239886263,0.5162844626407647,0.5166060760351044,0.5167768866467881,0.5168110149017,0.5167203680124036,0.5165149753998344,0.5162032766014566,0.5157923673917509,0.5152882094757587,0.5146958086519297,0.514019365836704,0.513262404838325,0.5124278802850573,0.5115182686665622,0.5105356450424464,0.5094817476116145,0.5083580320183676,0.5071657169941058,0.5059058226936508,0.5045792028783466,0.5031865719211893,0.5017285274579093,0.5002055693791767,0.49861811575000775,0.49696651614963067,0.49525106284700043,0.4934720001609062,0.4916295322978558,0.48972382991406604,0.48775503560814526,0.48572326851798525,0.4836286281672939,0.48147119768370844,0.4792510464908193,0.47696823255969606,0.4746228042917944,0.472214802093345
PD22,pathway,japan,Industrial,Oil products,Gas/diesel oil excl. biofuels,NONBIODIES,Final consumption,CO2e,IRONSTL,Mt,0.0,0.0,0.0,0.0,0.0,0.0,0.0,0.0,0.0,0.0,0.0,0.0,0.0,0.0,0.0,0.0,0.0,0.0,0.0,0.0,0.0,0.0,0.0,0.0,0.0,0.0,0.0,0.0,0.0,0.0,0.0,0.0,0.008065345406509938,0.017561269937918067,0.028664292140962333,0.04155015339476398,0.05600320237047829,0.07233353502348627,0.09061504900139017,0.11087115485435689,0.1330614820239856,0.15714382439701646,0.18287107198138874,0.2099658882447875,0.23807571142410144,0.2667881602485964,0.29595355498013903,0.32486554613662855,0.3530794576880758,0.38019361807418595,0.4058702201557123,0.43027513492975755,0.4528406648836574,0.47346206211667885,0.49210672535106387,0.5088027043288124,0.5241016445472263,0.5376525609934782,0.549582087198789,0.5600290626609039,0.5691362969198206,0.576224220571875,0.5828133999151546,0.5884629461231452,0.5932876561768164,0.5973906775728668,0.600863576440222,0.6037868415156477,0.606230655473674,0.6082558087718953,0.6099146673899577,0.6112521344233866,0.6123065671605642,0.613110627123037,0.6136920517537288,0.614074344071484,0.6142773815872931,0.61431794883325,0.6142101995603145,0.6139660554441465,0.6135955483130058,0.6131071127038864,0.6125078351190245,0.6118036658027978,0.6109995982601748,0.6100998211376625,0.6091078465143819,0.6080266181202558,0.6068586025171891,0.6056058658507455,0.604270138402199,0.602852868841474,0.6013552697963966,0.5997783561077938,0.598122976929691,0.5963898426539823,0.5945795474859042,0.5926925883669614,0.5907293808316296,0.5886902722913608,0.5865755531606646,0.5843854661737694,0.5821202141846665,0.5797799666960988,0.5773648653237502,0.5748750283685048,0.5723105546417236,0.5696715266651726,0.5669580133473453,0.5641700722216187,0.561307751317683
PD22,pathway,japan,Industrial,Oil products,Gas/diesel oil excl. biofuels,NONBIODIES,Final consumption,CO2e,MACHINE,Mt,0.0,0.0,0.0,0.0,0.0,0.0,0.0,0.0,0.0,0.0,0.0,0.0,0.0,0.0,0.0,0.0,0.0,0.0,0.0,0.0,0.0,0.0,0.0,0.0,0.0,0.0,0.0,0.0,0.0,0.0,0.0,0.0,0.00902205546117496,0.019644385127098984,0.03206444614787929,0.046478826318499866,0.06264629378204123,0.08091372802930286,0.10136379243569094,0.12402267450729909,0.14884521493618297,0.17578420112629906,0.20456321093562901,0.2348720102142588,0.2663162163759553,0.29843453154589855,0.3310595209980118,0.3634010481812499,0.39496168966207035,0.4252921276603273,0.4540144844049089,0.4813143064855556,0.5065565561963445,0.5296240604563691,0.5504803508292252,0.5691568043130741,0.5862705025108376,0.6014288266204476,0.6147734314234833,0.6264596255379544,0.6366471585499366,0.6445758506356832,0.6519466374380332,0.6582663319644227,0.6636633483963756,0.6682530695710788,0.6721379231778493,0.6754079455152581,0.6781416443160945,0.6804070209928562,0.6822626531697903,0.6837587703408353,0.6849382797301314,0.6858377171639808,0.6864881102965998,0.6869157500713804,0.6871428718666666,0.6871882511932154,0.6870677207177889,0.6867946162634143,0.6863801596323054,0.6858337858649611,0.685163422063443,0.6843757242892191,0.6834762783760634,0.6824697698270992,0.6813601273237424,0.6801506437807155,0.6788440783431238,0.6774427422424059,0.6759485710055394,0.6743631851434565,0.6726879411257132,0.6709239741734014,0.6690722341670697,0.6671335157651915,0.6651084836575379,0.6629976937327404,0.6608016108159118,0.6585206235283976,0.6561550567336328,0.6537051819589433,0.6511712261208303,0.6485533788284265,0.6458517984958468,0.6430666174568085,0.6401979462436611,0.6372458771668902,0.6342104873089041,0.6310918410276806,0.6278899920501843
PD22,pathway,japan,Industrial,Oil products,Gas/diesel oil excl. biofuels,NONBIODIES,Final consumption,CO2e,MINING,Mt,0.0,0.0,0.0,0.0,0.0,0.0,0.0,0.0,0.0,0.0,0.0,0.0,0.0,0.0,0.0,0.0,0.0,0.0,0.0,0.0,0.0,0.0,0.0,0.0,0.0,0.0,0.0,0.0,0.0,0.0,0.0,0.0,0.007026765799368451,0.015299894148815718,0.02497317319065423,0.036199713975942405,0.048791634733257094,0.06301910016652262,0.07894649207672205,0.09659420642273475,0.11592707118838852,0.13690831516820712,0.15932264887942493,0.18292844858964563,0.20741855213601917,0.23243368084374083,0.25784342932881726,0.2830324051767809,0.30761319357005873,0.33123584644812726,0.35360605630979447,0.3748683348394092,0.3945280872905198,0.41249405421553553,0.42873783242376623,0.44328385967426975,0.4566127457262624,0.4684187021280509,0.47881205573129365,0.487913767584177,0.49584825755229905,0.5020234648120638,0.5077641513817786,0.5126862019667688,0.5168896310684713,0.5204643038154776,0.5234899953086278,0.526036829699367,0.5281659521950284,0.529930325227699,0.5313755715768483,0.5325408121381138,0.5334594649076969,0.5341599855624459,0.5346665397772916,0.5349996040725411,0.5351764963195769,0.5352118396957247,0.5351179653645203,0.5349052598399406,0.5345824631454035,0.5341569236972623,0.5336348154643975,0.5330213224744715,0.532320795215673,0.5315368829598606,0.530672645533515,0.5297306476006035,0.5287130381023005,0.5276216171253049,0.5264578921414811,0.5252231252746152,0.5239183730016844,0.522544519481823,0.5211023045229582,0.5195923470393728,0.5180151647201201,0.5163711905152345,0.514660786450556,0.5128842552011447,0.511041849784651,0.509133781678264,0.5071602276143385,0.5051213352686427,0.5030172280209197,0.5008480089383743,0.49861376410836616,0.4963145654262815,0.4939504729272239,0.4915215367359609,0.48902779869736945
PD22,pathway,japan,Industrial,Oil products,Gas/diesel oil excl. biofuels,NONBIODIES,Final consumption,CO2e,NONFERR,Mt,0.0,0.0,0.0,0.0,0.0,0.0,0.0,0.0,0.0,0.0,0.0,0.0,0.0,0.0,0.0,0.0,0.0,0.0,0.0,0.0,0.0,0.0,0.0,0.0,0.0,0.0,0.0,0.0,0.0,0.0,0.0,0.0,0.0038284325117002305,0.008335927773508778,0.01360627504790507,0.01972289469391464,0.026583422024480996,0.03433505240167381,0.04301286332588003,0.05262796724261298,0.06316120118357965,0.07459253088514314,0.08680465896202258,0.09966594019092226,0.1130090216751902,0.1266381555845078,0.14048229241672364,0.1542061444456957,0.16759863426747193,0.1804690977030305,0.19265718553365954,0.20424163287683378,0.21495296688238352,0.2247414661498619,0.2335916556084072,0.24151684982036026,0.24877890211628018,0.25521120804632624,0.260873877612434,0.26583281470591696,0.2701558077051212,0.2735202807663829,0.2766480114650426,0.279329720094851,0.2816198981217081,0.2835675072713624,0.28521601186273393,0.2866036180334558,0.2877636398723102,0.28872493320040865,0.2895123549344583,0.29014721953306233,0.2906477343119029,0.29102940293817176,0.29130539173307785,0.29148685703487204,0.2915832342372658,0.29160249056858256,0.29155134448632236,0.2914354549335794,0.2912595837866932,0.29102773472486443,0.2907432715464409,0.2904090186945038,0.2900273464701133,0.28960024312667443,0.2891293757667367,0.2886161417106597,0.2880617117782051,0.28746706672077954,0.28683302786279613,0.2861602828542881,0.28544940730157614,0.284700882926077,0.2839151128015235,0.28309243413448104,0.28223312898040176,0.2813374332258988,0.28040554411555624,0.27943762655753696,0.2784338184048772,0.2773942348778886,0.27631897226665875,0.2752081110302105,0.2740617183902266,0.27287985050139446,0.2716625542671767,0.27040986885874285,0.2691218269853574,0.267798455956781,0.266439778571594
PD22,pathway,japan,Industrial,Oil products,Gas/diesel oil excl. biofuels,NONBIODIES,Final consumption,CO2e,NONMET,Mt,0.0,0.0,0.0,0.0,0.0,0.0,0.0,0.0,0.0,0.0,0.0,0.0,0.0,0.0,0.0,0.0,0.0,0.0,0.0,0.0,0.0,0.0,0.0,0.0,0.0,0.0,0.0,0.0,0.0,0.0,0.0,0.0,0.018011256287935318,0.03921723344150352,0.06401212670277134,0.09278839576939668,0.12506445539525712,0.16153280136878023,0.20235845941458797,0.2475937091806868,0.29714839650290914,0.35092826811812416,0.4083814863586327,0.46888871267044097,0.5316626180610915,0.5957822866390546,0.6609134586809388,0.7254787384386713,0.7884850904577796,0.8490355154094795,0.9063756338277718,0.9608758632073792,1.0112684406839398,1.0573194467920581,1.098956077462049,1.136240972428046,1.1704060477371883,1.2006674955423675,1.227308109557989,1.2506379414496336,1.2709759086468246,1.286804419765943,1.3015191519810307,1.3141355272921889,1.324909906430559,1.334072634893434,1.3418281950597135,1.348356331651181,1.3538137742403749,1.358336278018971,1.362040784919724,1.3650275710152466,1.3673822945032659,1.3691778939878554,1.370476311787427,1.3713300340479069,1.3717834505538324,1.3718740439539907,1.3716334219258117,1.3710882075517383,1.3702608035709867,1.3691700457059977,1.3678317592936322,1.3662592322181741,1.3644636158058498,1.3624542640002213,1.36023901985747,1.3578244572155929,1.3552160843171224,1.3524185152083776,1.3494356138949162,1.346270615497364,1.3429262280151264,1.3394047177563768,1.3357079810231358,1.3318376042385294,1.3277949143615715,1.3235810211452057,1.319196852546955,1.314643184394311,1.3099206652311235,1.305029837123253,1.299971153077365,1.2947449916212455,1.2893516690062459,1.2837914494178946,1.278064553518377,1.2721711655925074,1.2661114395244006,1.2598855037956458,1.2534934656645216
PD22,pathway,japan,Industrial,Oil products,Gas/diesel oil excl. biofuels,NONBIODIES,Final consumption,CO2e,ONONSPEC,Mt,0.0,0.0,0.0,0.0,0.0,0.0,0.0,0.0,0.0,0.0,0.0,0.0,0.0,0.0,0.0,0.0,0.0,0.0,0.0,0.0,0.0,0.0,0.0,0.0,0.0,0.0,0.0,0.0,0.0,0.0,0.0,0.0,8.989413717879797e-07,1.963895443072604e-06,3.21596994288598e-06,4.676361831147639e-06,6.282910935209546e-06,8.089380986539974e-06,1.0102252770985145e-05,1.2322342462729583e-05,1.4743416171102514e-05,1.738267914558385e-05,2.0195159646431328e-05,2.3149573198294972e-05,2.6206571573008852e-05,2.9320494039514766e-05,3.2476963826437016e-05,3.5596888966026486e-05,3.8631944398103865e-05,4.153877331822053e-05,4.428121926417156e-05,4.689501648576079e-05,4.930389575171423e-05,5.14971877984535e-05,5.347208345718781e-05,5.523234667444179e-05,5.685962760875559e-05,5.82960504065659e-05,5.955569659715191e-05,6.065392618021694e-05,6.160648443170523e-05,6.230348067575559e-05,6.297154051404379e-05,6.353788249194036e-05,6.401510722979331e-05,6.44145189925104e-05,6.47461388024218e-05,6.50187641823891e-05,6.524005720155831e-05,6.541664729616988e-05,6.555423930366536e-05,6.565772026751178e-05,6.573126092693141e-05,6.577840952395809e-05,6.580217677003907e-05,6.580511163472669e-05,6.57893681504239e-05,6.575676375035293e-05,6.570882983423898e-05,6.564685533437558e-05,6.557192406789821e-05,6.548494663359901e-05,6.538668756046112e-05,6.527778835184999e-05,6.515878700159782e-05,6.5030134490927e-05,6.489220871122425e-05,6.474532619869771e-05,6.458975201370009e-05,6.442570805014597e-05,6.425338001883011e-05,6.407292331221998e-05,6.388446792694196e-05,6.368812259324448e-05,6.348397823764386e-05,6.327211088529804e-05,6.305258409192406e-05,6.282545098089681e-05,6.25907559491601e-05,6.234853609544307e-05,6.209882241572072e-05,6.184164080364298e-05,6.157701288759354e-05,6.130495673093302e-05,6.102548741769204e-05,6.0738617542375174e-05,6.044435761951377e-05,6.0142716426068286e-05,5.983370128764866e-05,5.951731831774009e-05,5.9193572617623654e-05
PD22,pathway,japan,Industrial,Oil products,Gas/diesel oil excl. biofuels,NONBIODIES,Final consumption,CO2e,PAPERPRO,Mt,0.0,0.0,0.0,0.0,0.0,0.0,0.0,0.0,0.0,0.0,0.0,0.0,0.0,0.0,0.0,0.0,0.0,0.0,0.0,0.0,0.0,0.0,0.0,0.0,0.0,0.0,0.0,0.0,0.0,0.0,0.0,0.0,0.004622427588447164,0.010064751669987826,0.01642813892245043,0.023813310611737026,0.03209667219828416,0.04145594652308304,0.051933485960121484,0.06354270761275937,0.07626047422232918,0.09006259653313264,0.10480745035090261,0.1203360879835513,0.1364464484977524,0.15290218707915224,0.1696175189639116,0.18618761966298708,0.2023576355222151,0.21789735969883534,0.23261318746033788,0.2466001831386871,0.2595329867508728,0.2713515649614608,0.28203723325811736,0.29160606756750534,0.30037422810809666,0.3081405576169778,0.3149776325677942,0.32096502494319473,0.326184582044728,0.3302468276377832,0.33402323185191857,0.33726111156292815,0.3400262594560794,0.3423777916399067,0.344368186685281,0.34604357446496425,0.3474441782198258,0.34860483830376693,0.3495555668163084,0.3503220987132524,0.3509264174037523,0.35138724192718807,0.3517204692247249,0.35193956939556403,0.35205593468028057,0.3520791846649306,0.3520174311767973,0.35187750679151036,0.3516651609714146,0.3513852277359513,0.3510417685160686,0.3506381935282402,0.35017736466045296,0.34966168251853286,0.34909315995259405,0.3484734840792723,0.34780406853967316,0.34708609748745334,0.346320562585027,0.3455082940971239,0.3446499870075342,0.34374622294394996,0.34279748857529824,0.3418041910428637,0.3407666708987912,0.3396852129512328,0.3385600553521745,0.33739139721079237,0.3361794049700562,0.33492421774631337,0.333625951799667,0.3322847042758822,0.33090055633803567,0.3294735757869769,0.3280038192536791,0.32649133403318914,0.3249361596184865,0.32333832898322035,0.3216978696542669
PD22,pathway,japan,Industrial,Oil products,Gas/diesel oil excl. biofuels,NONBIODIES,Final consumption,CO2e,TEXTILES,Mt,0.0,0.0,0.0,0.0,0.0,0.0,0.0,0.0,0.0,0.0,0.0,0.0,0.0,0.0,0.0,0.0,0.0,0.0,0.0,0.0,0.0,0.0,0.0,0.0,0.0,0.0,0.0,0.0,0.0,0.0,0.0,0.0,0.0028934735298800918,0.006300172795504988,0.010283424501036281,0.014906276538778906,0.020091363169233073,0.025949932503098988,0.03250849560425295,0.03977545109715733,0.047736315889491565,0.05637594837660498,0.06560569690317988,0.07532606592690827,0.08541057256605417,0.09571127346159872,0.10617447043467668,0.11654675790545338,0.1266686066464383,0.1363959154482174,0.14560749470683088,0.15436285127726154,0.16245832150431772,0.1698563266777514,0.17654517096440503,0.18253491731656454,0.18802347066748093,0.19288491380061684,0.19716467697991188,0.20091256940650748,0.20417982454939612,0.20672264428436704,0.20908653758991888,0.21111333391230097,0.21284421710775298,0.21431619173545097,0.21556210749456176,0.21661084002742265,0.21748756763710367,0.21821409913290582,0.2188092210104268,0.21928904242702602,0.21966732420670032,0.2199557837952969,0.22016437210661322,0.22030152093860353,0.22037436142440492,0.22038891507913888,0.2203502596151273,0.2202626719791361,0.22012975112794447,0.21995452298397722,0.21973952985703074,0.21948690642004673,0.21919844411204226,0.21887564562598122,0.21851977093368857,0.2181318761095397,0.21771284604205707,0.2172634219688687,0.2167842246350033,0.21627577375634,0.21573850436775227,0.21517278054727018,0.2145789069321502,0.213957138378203,0.21330768805883094,0.2126307342537006,0.21192642603739556,0.21119488804510347,0.2104362244641412,0.20965052237634205,0.2088378545563517,0.20799828181392782,0.20713185495423905,0.20623861641818025,0.2053186016547053,0.20437184026881347,0.20339835698169062,0.20239817243365593,0.20137130385554453
PD22,pathway,japan,Industrial,Oil products,Gas/diesel oil excl. biofuels,NONBIODIES,Final consumption,CO2e,TRANSEQ,Mt,0.0,0.0,0.0,0.0,0.0,0.0,0.0,0.0,0.0,0.0,0.0,0.0,0.0,0.0,0.0,0.0,0.0,0.0,0.0,0.0,0.0,0.0,0.0,0.0,0.0,0.0,0.0,0.0,0.0,0.0,0.0,0.0,0.0031472255727494625,0.006852685787512691,0.01118526097815753,0.01621352821543315,0.021853336933836315,0.028225691488616866,0.03535942791277491,0.04326368137392489,0.05192269864050869,0.06132001021837788,0.07135918987318074,0.08193201649561993,0.09290091489939997,0.10410496737851291,0.11548576652746867,0.1267676835862675,0.13777719892213075,0.1483575739277589,0.158376990904875,0.16790017534476895,0.17670560268285096,0.18475239862852805,0.1920278416466529,0.19854287719100097,0.2045127660754241,0.20980054838657125,0.2144556385348288,0.21853221389212413,0.22208600100377682,0.22485182112072255,0.22742302330579742,0.2296275657530268,0.23151024406333937,0.23311130802431557,0.2344664881903244,0.2356071925417932,0.23656080747036584,0.23735105437581835,0.23799836729314583,0.23852026812171037,0.23893172448320868,0.23924548142086885,0.23947236252441872,0.2396215390442158,0.23970076750000718,0.23971659748216625,0.23967455200858317,0.23957928310599902,0.23943470535275474,0.2392441100388304,0.23901026242968385,0.23873548440495287,0.23842172450939797,0.23807061721925518,0.2376835330034462,0.2372616205520304,0.23680584235654542,0.23631700465972838,0.23579578264474865,0.23524274160556477,0.23465835472876861,0.2340430180213309,0.23339706283660724,0.2327207663807709,0.2320143605221202,0.23127803917510428,0.23051196448785988,0.2297162720258401,0.2288910751133883,0.22803646846924638,0.22715253125025614,0.22623932959907353,0.2252969187763823,0.22432534494506198,0.2233246466628712,0.2222948561311106,0.22123600023896628,0.22014810143687355,0.21903117846677847
PD22,pathway,japan,Industrial,Oil products,Gas/diesel oil excl. biofuels,NONBIODIES,Final consumption,CO2e,WOODPRO,Mt,0.0,0.0,0.0,0.0,0.0,0.0,0.0,0.0,0.0,0.0,0.0,0.0,0.0,0.0,0.0,0.0,0.0,0.0,0.0,0.0,0.0,0.0,0.0,0.0,0.0,0.0,0.0,0.0,0.0,0.0,0.0,0.0,0.0027747167479457713,0.006041594917014642,0.009861362094590764,0.014294478499471547,0.019266753712809004,0.024884869891101058,0.03117425000510729,0.03814294797469747,0.04577707513684817,0.05406211134351546,0.06291304346767299,0.07223445956076235,0.08190506797568299,0.09178299739003361,0.1018167535583363,0.11176333142140213,0.12146974930694904,0.1307978203489037,0.13963132892603725,0.14802733955455608,0.15579054754299757,0.16288491652344111,0.16929923069459868,0.17504313999518692,0.18030642674984848,0.1849683417600947,0.18907245069636125,0.19266651844164484,0.19579967569059356,0.19823813052101436,0.20050500259623374,0.20244861315368765,0.2041084557413465,0.20552001614093107,0.20671479580199734,0.20772048522441455,0.2085612293186137,0.20925794179532886,0.20982863809635732,0.21028876621120346,0.21065152217861283,0.21092814252551395,0.2111281697505286,0.21125968958547944,0.21132954048053504,0.21134349680988002,0.21130642788138113,0.21122243510315528,0.21109496972006336,0.21092693346165062,0.21072076429373832,0.21047850927592515,0.21020188632122874,0.2098923364476129,0.20955106791390168,0.20917909345002889,0.20877726162605326,0.20834628325700025,0.2078867536106715,0.20739917107225678,0.20688395282150096,0.20634144799358622,0.20577194872254756,0.2051756994041531,0.20455290446253319,0.20390373486022528,0.2032283335533474,0.2025268200616876,0.20179929429640442,0.20104583976523316,0.20026652625593103,0.19946141208244184,0.19863054596473861,0.19777396860181537,0.1968917139876952,0.1959838105122999,0.1950502818821842,0.194091147890527,0.1931064250609585
PD22,pathway,japan,Industrial,Oil products,Kerosene type jet fuel excl. biofuels,NONBIOJETK,Energy industry own use and Losses,CO2e,EREFINER,Mt,0.0,0.0,0.0,0.0,0.0,0.0,0.0,0.0,0.0,0.0,0.0,0.0,0.0,0.0,0.0,0.0,0.0,0.0,0.0,0.0,0.0,0.0,0.0,0.0,0.0,0.0,0.0,0.0,0.0,0.0,0.0,0.0,8.613202763762656e-07,1.8754160068875598e-06,3.0611380895176614e-06,4.437254426396684e-06,5.98073502280039e-06,7.724695873212598e-06,9.677028709363082e-06,1.1840233607878865e-05,1.4209999286506508e-05,1.6781818439073045e-05,1.9529301514241304e-05,2.24228309858394e-05,2.5424755819728364e-05,2.849103669307971e-05,3.160568889762373e-05,3.4693279441904154e-05,3.7706320157498726e-05,4.0601915440823426e-05,4.3343989944342274e-05,4.595025748511655e-05,4.8360092094404596e-05,5.05623074576393e-05,5.2553421995278426e-05,5.4336431215922524e-05,5.597024684972688e-05,5.741738624802427e-05,5.8691372951669064e-05,5.980703401003637e-05,6.0779620444162554e-05,6.153655918035033e-05,6.224023564887025e-05,6.284356612710858e-05,6.335881009837225e-05,6.379698296570803e-05,6.416786332624941e-05,6.448004679214963e-05,6.474102836301212e-05,6.495730001792727e-05,6.513445406296365e-05,6.527728582240042e-05,6.538989157588409e-05,6.547575933655572e-05,6.553785126174408e-05,6.5578677303059e-05,6.560036023421906e-05,6.560469252127416e-05,6.559318568196765e-05,6.556711286462202e-05,6.552754539559137e-05,6.547538402213066e-05,6.541138553117913e-05,6.533618536559432e-05,6.525031679541775e-05,6.515422713765632e-05,6.50482914568369e-05,6.493282412192245e-05,6.480808854379913e-05,6.467430537179797e-05,6.453165938738459e-05,6.438030529797908e-05,6.422037260342075e-05,6.405196968133475e-05,6.387518721520006e-05,6.369010106970832e-05,6.349677470166049e-05,6.329526118079792e-05,6.308560488318282e-05,6.286784290983348e-05,6.264200627490903e-05,6.24081209006611e-05,6.216620845042168e-05,6.191628702585192e-05,6.165837175047772e-05,6.13924752579738e-05,6.111860810067537e-05,6.083677909130735e-05,6.0546995588796076e-05,6.02492637372881e-05,5.994358866600528e-05
PD22,pathway,japan,Industrial,Oil products,Liquified petroleum gases (LPG),LPG,Energy industry own use and Losses,CO2e,ECOKEOVS,Mt,0.0,0.0,0.0,0.0,0.0,0.0,0.0,0.0,0.0,0.0,0.0,0.0,0.0,0.0,0.0,0.0,0.0,0.0,0.0,0.0,0.0,0.0,0.0,0.0,0.0,0.0,0.0,0.0,0.0,0.0,0.0,0.0,5.580458582830439e-06,1.2261738277971753e-05,2.019021159534748e-05,2.9514686803102145e-05,3.95634977640271e-05,5.082274709257862e-05,6.33250388666222e-05,7.70673046316586e-05,9.20025597398667e-05,0.00010862892788511005,0.00012638490706501197,0.00014507826445355978,0.00016446498613230658,0.0001842599668786122,0.00020405720028308035,0.00022361781676319192,0.00024263856180353787,0.0002608475967397336,0.00027801847757000665,0.00029414338127822017,0.0003089569126442602,0.00032239652664746416,0.00033444896188379494,0.00034514196841162556,0.0003550529816238393,0.00036376284016244336,0.0003713621175282581,0.00037794901802004453,0.00038362380174819614,0.00038759242836240764,0.0003914563763561149,0.0003946867354853107,0.0003973631341126809,0.00039955689395989143,0.0004013311495062024,0.00040274125420887495,0.00040383535881644537,0.0004046550774247623,0.00040523618192549914,0.000405609285090433,0.00040580048728843025,0.00040583197254961365,0.0004057225472062504,0.0004054881194098936,0.00040514212108619667,0.0004046958758520994,0.000404158917476992,0.00040353926391306904,0.00040284365196404087,0.0004020777374574498,0.0004012462654397385,0.00040035321449642154,0.0003994019188592062,0.00039839517152754874,0.0003973353112214454,0.00039622429560504975,0.00039506376288107935,0.0003938550835547159,0.00039259940390157905,0.00039129768244465805,0.000389950720546884,0.0003885591880557745,0.0003871236447911074,0.00038564455854267347,0.00038412232013991553,0.00038255725606613634,0.0003809496390146044,0.0003792996967202669,0.000377607619347189,0.0003758735656666918,0.0003740976682232306,0.00037228003765314065,0.00037042076629459553,0.0003685199312046696,0.00036657759668051704,0.00036459381636588567,0.0003625686350109407,0.00036050208994227245,0.00035839421229064985
PD22,pathway,japan,Industrial,Oil products,Liquified petroleum gases (LPG),LPG,Energy industry own use and Losses,CO2e,EGASWKS,Mt,0.0,0.0,0.0,0.0,0.0,0.0,0.0,0.0,0.0,0.0,0.0,0.0,0.0,0.0,0.0,0.0,0.0,0.0,0.0,0.0,0.0,0.0,0.0,0.0,0.0,0.0,0.0,0.0,0.0,0.0,0.0,0.0,7.601302019488382e-07,1.6550874130714002e-06,2.7015078803995e-06,3.915954605673154e-06,5.278103215925945e-06,6.817179155240772e-06,8.540147014836499e-06,1.0449213156044147e-05,1.2540572796902945e-05,1.4810248160916216e-05,1.7234950007673092e-05,1.9788540352537977e-05,2.243779149964839e-05,2.5143837976689923e-05,2.789257299916164e-05,3.061742563334478e-05,3.327648674039399e-05,3.583190020022319e-05,3.825182888794401e-05,4.055190555679517e-05,4.267862672946754e-05,4.462212028779077e-05,4.637931367695201e-05,4.7952850485660295e-05,4.939472134570303e-05,5.06718471643403e-05,5.179616270280165e-05,5.278075309137475e-05,5.363907762275044e-05,5.430708929063083e-05,5.4928096076135844e-05,5.5460545770916796e-05,5.591525758331873e-05,5.6301952799107355e-05,5.662926120120752e-05,5.6904768567617354e-05,5.7135089366518384e-05,5.7325952882954004e-05,5.748229442479729e-05,5.760834594955897e-05,5.770772249564036e-05,5.7783502295617696e-05,5.783829950511959e-05,5.7874329200322006e-05,5.789346476614297e-05,5.789728808520838e-05,5.788713309835187e-05,5.7864123381225864e-05,5.7829204398067344e-05,5.7783171074076135e-05,5.7726691286956676e-05,5.7660325826139886e-05,5.7584545311760275e-05,5.7499744508896685e-05,5.7406254418551174e-05,5.7304352476829454e-05,5.7194271148443706e-05,5.7076205160286024e-05,5.695031758523033e-05,5.6816744955279436e-05,5.667560155630557e-05,5.6526983033457655e-05,5.6370969416491224e-05,5.620762765732299e-05,5.603701375768918e-05,5.5859174552564306e-05,5.567414920459909e-05,5.548197045609081e-05,5.528266567757707e-05,5.5076257745898097e-05,5.4862765779323183e-05,5.46422057528847e-05,5.441459101335866e-05,5.4179932710183865e-05,5.393824015598064e-05,5.368952112813277e-05,5.343378212102142e-05,5.317102855696333e-05,5.2901264962586465e-05
PD22,pathway,japan,Industrial,Oil products,Liquified petroleum gases (LPG),LPG,Energy industry own use and Losses,CO2e,EPOWERPLT,Mt,0.0,0.0,0.0,0.0,0.0,0.0,0.0,0.0,0.0,0.0,0.0,0.0,0.0,0.0,0.0,0.0,0.0,0.0,0.0,0.0,0.0,0.0,0.0,0.0,0.0,0.0,0.0,0.0,0.0,0.0,0.0,0.0,1.2399091828149212e-05,2.699745486453803e-05,4.4066456243500385e-05,6.387626833681949e-05,8.609536403754068e-05,0.00011120046294445631,0.00013930517007661007,0.00017044547515876105,0.00020455931534852148,0.0002415818059512331,0.000281133057535162,0.0003227867125225291,0.00036600076738396465,0.0004101412563081706,0.0004549780722477247,0.0004994253234459933,0.0005427993964119584,0.0005844827896860005,0.0006239561824543649,0.0006614745730613312,0.0006961652234857286,0.0007278671017103853,0.0007565300888357058,0.0007821973065519934,0.0008057168156468386,0.0008265490365752861,0.0008448886467755598,0.0008609490882758866,0.0008749499063667806,0.000885846379090912,0.0008959761175747126,0.0009046613305060407,0.0009120784986475786,0.0009183861936684794,0.000923725182861857,0.0009282192039212608,0.0009319761507287746,0.0009350894782361688,0.0009376396901984081,0.0009396958174600156,0.000941316827804386,0.0009425529327456565,0.0009434467738676094,0.0009440344830498121,0.0009443466185723706,0.0009444089837883019,0.0009442433376736957,0.0009438680077698796,0.0009432984163003947,0.000942547529926115,0.0009416262429345794,0.0009405437028108284,0.000939307586216371,0.0009379243324802208,0.0009363993408245228,0.0009347371367315463,0.0009329415121191835,0.0009310156433335531,0.0009289621903867596,0.0009267833803615266,0.0009244810774661447,0.0009220568418451543,0.0009195119789279211,0.0009168475808207207,0.0009140645610126741,0.0009111636834665183,0.0009081455869955792,0.0009050108056856619,0.0009017597859995016,0.0008983929010995405,0.0008949104628391639,0.0008913127317999045,0.0008875999256917038,0.000883772226381977,0.0008798297857763248,0.0008757727307378761,0.0008716011672016772,0.0008673151836154743,0.0008629148538167178
PD22,pathway,japan,Industrial,Oil products,Liquified petroleum gases (LPG),LPG,Energy industry own use and Losses,CO2e,EREFINER,Mt,0.0,0.0,0.0,0.0,0.0,0.0,0.0,0.0,0.0,0.0,0.0,0.0,0.0,0.0,0.0,0.0,0.0,0.0,0.0,0.0,0.0,0.0,0.0,0.0,0.0,0.0,0.0,0.0,0.0,0.0,0.0,0.0,0.0028831086368206194,0.006277604551279764,0.010246587600979129,0.01485287983041314,0.02001939263675115,0.025856975621856737,0.03239204488266098,0.039632968958386666,0.04756531663750696,0.056174000555063025,0.06537068662039339,0.07505623570041434,0.08510461799565569,0.09536842010428646,0.10579413620305678,0.1161292684521574,0.12621485908375207,0.13590732308240938,0.145085904965053,0.15380989842342727,0.16187636935869695,0.16924787367366967,0.17591275743156548,0.1818810475375378,0.1873499399971601,0.19219396864985605,0.1964584010209667,0.2001928678869692,0.20344841919023235,0.20598213013110156,0.2083375555861399,0.2103570915942602,0.21208177448442722,0.21354847625946394,0.214789928945569,0.21583490474782946,0.21670849177653645,0.21743242071828706,0.21802541077239432,0.21850351339059457,0.21888044010337357,0.21916786638278077,0.2193757074968209,0.21951236503937577,0.21958494459870315,0.21959944611987756,0.21956092912602865,0.21947365524320342,0.2193412105361319,0.21916661008789246,0.21895238710131404,0.21870066860259257,0.21841323961351883,0.21809159744416617,0.21773699755293535,0.21735049223117148,0.21693296319758232,0.216485149034562,0.21600766826352968,0.21550103873865759,0.21496569393645337,0.21440199663076054,0.21381025036757517,0.213190709089773,0.21254358520713457,0.21186905636069972,0.21116727109104252,0.21043835358688726,0.20968240766233467,0.20889952008727683,0.2080897633756689,0.20725319811943801,0.2063898749417604,0.20549983613150077,0.2045831170106291,0.20363974707809476,0.2026697509665282,0.20167314924231164,0.20064995907455657
PD22,pathway,japan,Industrial,Oil products,Liquified petroleum gases (LPG),LPG,Final consumption,CO2e,AGRICULT,Mt,0.0,0.0,0.0,0.0,0.0,0.0,0.0,0.0,0.0,0.0,0.0,0.0,0.0,0.0,0.0,0.0,0.0,0.0,0.0,0.0,0.0,0.0,0.0,0.0,0.0,0.0,0.0,0.0,0.0,0.0,0.0,0.0,7.255176732031028e-05,0.00015797230077171844,0.0002578494719065495,0.00037376416127038285,0.000503776478598875,0.0006506758902406883,0.0008151271420515915,0.0009973408234983678,0.0011969537814595973,0.0014135863510908895,0.0016450156559073693,0.0018887469167585156,0.0021416086663711897,0.0023998913314421336,0.0026622484687644802,0.002922326115713041,0.0031761241916670128,0.0034200294624606017,0.003651003185953146,0.0038705374537266485,0.004073525546134122,0.00425902520404862,0.0044267431628671975,0.004576931743879573,0.004714553270922642,0.004836450460371204,0.004943762443412955,0.005037738149935898,0.005119662222319847,0.0051834215979781936,0.0052426945221308975,0.005293514981923809,0.005336915632926229,0.005373824337839998,0.005405064779241051,0.005431360993089088,0.005453344307221395,0.005471561561842866,0.005486483814816412,0.005498514991674577,0.005508000135180134,0.0055152330518586715,0.005520463253715394,0.005523902162018531,0.0055257285848016625,0.0055260935072248395,0.0055251242492718395,0.005522928052306171,0.005519595157580133,0.0055152014379218055,0.005509810639920507,0.005503476288964657,0.005496243304098924,0.005488149364268404,0.005479226062360241,0.005469499878679698,0.005458993001169928,0.005447724015831237,0.005435708487398682,0.005422959447374074,0.005409487803943917,0.005395302686102913,0.005380411732411127,0.0053648213331946755,0.005348536833623277,0.005331562703931326,0.005313902682056764,0.005295559893137269,0.0052765369495948585,0.005256836034943861,0.005236458973956169,0.005215407291392707,0.0051936822611565354,0.005171284947422562,0.005148216239047804,0.005124476878356323,0.005100067485214069,0.005074988577162199,0.005049240586251507
PD22,pathway,japan,Industrial,Oil products,Liquified petroleum gases (LPG),LPG,Final consumption,CO2e,CHEMICAL,Mt,0.0,0.0,0.0,0.0,0.0,0.0,0.0,0.0,0.0,0.0,0.0,0.0,0.0,0.0,0.0,0.0,0.0,0.0,0.0,0.0,0.0,0.0,0.0,0.0,0.0,0.0,0.0,0.0,0.0,0.0,0.0,0.0,0.0017427155480188028,0.0037945427779277757,0.006193622848029379,0.008977928990515027,0.01210086445040548,0.015629433058979375,0.01957960221415296,0.023956430339057255,0.02875119438511073,0.033954774687117203,0.03951377707489172,0.04536827619340762,0.05144209243283489,0.057646120712610036,0.06394801905681992,0.07019516334799042,0.07629147043131118,0.08215014932164247,0.08769820850726037,0.09297148848240865,0.09784732428582067,0.10230308256628465,0.10633171901871874,0.109939294477351,0.11324500547211143,0.11617301308871343,0.11875067960522899,0.12100800469795268,0.12297584586810928,0.12450736549052194,0.12593111918133715,0.12715184210387548,0.12819433895942603,0.12908089729268465,0.1298313022099932,0.1304629452756222,0.1309909911765058,0.131428575180916,0.13178701224218914,0.13207600477464013,0.1323038408105198,0.13247757767205703,0.1326032087136104,0.132685812338435,0.13272968356995668,0.13273844911770527,0.13271516724646873,0.13266241392646091,0.13258235678004662,0.13247681829566485,0.1323473296858063,0.13219517664660282,0.13202143814718834,0.13182701924729995,0.13161267881770894,0.13137905292341287,0.13112667452556395,0.1308559900655503,0.13056737341304855,0.13026113758870111,0.1299375446104701,0.12959681375958876,0.12923912851659616,0.12886464237907205,0.128473483739621,0.12806575997463465,0.12764156087052084,0.1272009614940383,0.12674402459635967,0.12627080262616416,0.1257813394150283,0.12527567158817401,0.12475382974514068,0.12421583944773375,0.12366172204656953,0.12309149537249801,0.12250517431488814,0.12190277130523608,0.1212842967215336
PD22,pathway,japan,Industrial,Oil products,Liquified petroleum gases (LPG),LPG,Final consumption,CO2e,CONSTRUC,Mt,0.0,0.0,0.0,0.0,0.0,0.0,0.0,0.0,0.0,0.0,0.0,0.0,0.0,0.0,0.0,0.0,0.0,0.0,0.0,0.0,0.0,0.0,0.0,0.0,0.0,0.0,0.0,0.0,0.0,0.0,0.0,0.0,0.0007597899676704475,0.001654346595945308,0.0027002986854722175,0.003914201824391658,0.0052757407369265,0.006814127785850881,0.008536324445032654,0.010444536088235506,0.012534959636519058,0.014803619093839378,0.017227235644049654,0.019779683001876186,0.022427748344173153,0.025132583594811554,0.027880088283487214,0.030603721273631302,0.03326159218492898,0.03581586184169357,0.03823470736933378,0.04053375452386796,0.042659523776143446,0.04460214742674998,0.04635855429615023,0.04793138678978294,0.049372612268428706,0.050649166445549565,0.0517729787403759,0.052757128426291086,0.05361506877160654,0.054282781437464386,0.0549035102603322,0.05543572163062978,0.05589022991402448,0.05627675204503451,0.0566039139438939,0.056879297993206526,0.057109515700517956,0.057300293786443614,0.05745656534981276,0.057582560453911975,0.05768189251905133,0.057757638399990194,0.057812411082261116,0.05784842465057196,0.05786755165131366,0.057871373259061464,0.057861222817577065,0.05783822339960044,0.05780332004617878,0.05775730732670339,0.05770085281993663,0.05763451706430011,0.05755877046927875,0.05747400762325452,0.057380559379073444,0.05727870304866083,0.057168670992677674,0.05705065785085629,0.05692482662307918,0.056791313780237454,0.05665023355704897,0.05650168155585188,0.056345737770580405,0.056182469123183566,0.056011931590331236,0.055834171986034575,0.05564922945541512,0.05545713672611467,0.055257921156419795,0.05505160561293104,0.05483820920536036,0.054617747901589714,0.05439023504242109,0.05415568177230278,0.053914097399686826,0.05366548969847582,0.053409865160144045,0.05314722920458123,0.05287758635638921
PD22,pathway,japan,Industrial,Oil products,Liquified petroleum gases (LPG),LPG,Final consumption,CO2e,FISHING,Mt,0.0,0.0,0.0,0.0,0.0,0.0,0.0,0.0,0.0,0.0,0.0,0.0,0.0,0.0,0.0,0.0,0.0,0.0,0.0,0.0,0.0,0.0,0.0,0.0,0.0,0.0,0.0,0.0,0.0,0.0,0.0,0.0,6.527314057154943e-06,1.4212401124785343e-05,2.3198118319778444e-05,3.362669379437599e-05,4.532360012547763e-05,5.853979912396793e-05,7.333509643110253e-05,8.97284382922667e-05,0.00010768715266428538,0.0001271770819826036,0.00014799823921088958,0.00016992617486127893,0.00019267555938663072,0.00021591265108963405,0.00023951631360110093,0.0002629148956560949,0.00028574851928843707,0.00030769211020933643,0.000328472279843664,0.0003482232682067557,0.00036648563558861066,0.0003831746091232881,0.00039826380447535465,0.00041177592240541346,0.00042415741166768636,0.0004351242187849066,0.000444778828745228,0.0004532336048709441,0.0004606041234543203,0.00046634040644757605,0.00047167305381538616,0.00047624525258943963,0.00048014990839371634,0.0004834704988812148,0.0004862811288608891,0.000488646938166987,0.0004906247258992301,0.0004922636900012142,0.0004936062104551768,0.0004946886275034578,0.0004955419838423132,0.0004961927125626986,0.0004966632616804123,0.0004969726522760851,0.0004971369712933463,0.0004971698025164929,0.0004970826006288572,0.0004968850138869247,0.0004965851610866441,0.0004961898683301993,0.0004957048707502257,0.0004951349839016459,0.0004944842490466168,0.0004937560560723468,0.0004929532473175409,0.0004920782051537822,0.000491132925778801,0.0004901190813318921,0.0004890380721361314,0.00048789107060547997,0.00048667905812415155,0.00048540285600660426,0.0004840631514763518,0.00048266051945619826,0.00048119544083865276,0.000479668317800325,0.00047807948663481286,0.0004764292285034975,0.0004747177784399222,0.00047294533288980167,0.0004711120560236262,0.00046921808502059634,0.0004672635344908123,0.0004652485001756199,0.00046317306204342144,0.00046103728687938903,0.00045884123045142317,0.0004565849393214999,0.00045426845236022634
PD22,pathway,japan,Industrial,Oil products,Liquified petroleum gases (LPG),LPG,Final consumption,CO2e,FOODPRO,Mt,0.0,0.0,0.0,0.0,0.0,0.0,0.0,0.0,0.0,0.0,0.0,0.0,0.0,0.0,0.0,0.0,0.0,0.0,0.0,0.0,0.0,0.0,0.0,0.0,0.0,0.0,0.0,0.0,0.0,0.0,0.0,0.0,0.011527138948204674,0.02509888770763835,0.04096752980896601,0.05938423804070103,0.08004079958533028,0.10338040924540604,0.12950868288843564,0.1584590793002526,0.19017390014152358,0.22459282366438926,0.2613626757553551,0.30008708197758327,0.3402621546205823,0.38129851084111377,0.42298222562391397,0.4643037713894699,0.5046276090348341,0.5433796622305127,0.5800771308438987,0.6149570807332667,0.647208148245952,0.6766806257692701,0.7033279189616692,0.7271901170266732,0.7490556417834416,0.7684228590417848,0.7854727557571657,0.8004037638753154,0.8134199893988556,0.8235501793254458,0.8329675547776266,0.8410419893928193,0.847937553112704,0.853801666223291,0.8587651967082663,0.8629431805401385,0.8664359240790572,0.8693303101571994,0.8717011811890091,0.8736127134986524,0.8751197280231849,0.8762689052056813,0.8770998879061225,0.8776462670682645,0.8779364519938275,0.8779944314426079,0.8778404342139593,0.8774914989844548,0.8769619634262489,0.8762638823336492,0.8754073838650686,0.8744009722184384,0.8732517842022529,0.8719658063065954,0.8705480580590846,0.8690027466922863,0.8673333974615203,0.8655429633397587,0.8636339172765987,0.8616083297375513,0.859467933832452,0.8572141799903437,0.8548482818376676,0.8523712546794924,0.8497839477647933,0.8470870713314442,0.8442812192689071,0.8413668881039731,0.8383444929023631,0.8352143805842696,0.8319768410723214,0.828632116622934,0.8251804096358294,0.8216218891887915,0.8179566965048222,0.8141849495255361,0.8103067467362108,0.8063221703645993,0.802231289055612
PD22,pathway,japan,Industrial,Oil products,Liquified petroleum gases (LPG),LPG,Final consumption,CO2e,INONSPEC,Mt,0.0,0.0,0.0,0.0,0.0,0.0,0.0,0.0,0.0,0.0,0.0,0.0,0.0,0.0,0.0,0.0,0.0,0.0,0.0,0.0,0.0,0.0,0.0,0.0,0.0,0.0,0.0,0.0,0.0,0.0,0.0,0.0,0.002636734399621782,0.0057411557983589045,0.009370971895125368,0.013583636316072262,0.018308648016491708,0.023647384015163003,0.02962400303805046,0.03624615849611515,0.04350065238794465,0.05137368662987385,0.059784475665461384,0.06864235223395532,0.077832056333219,0.08721877168105993,0.09675356476073818,0.10620551477670948,0.1154292475973201,0.12429344817442282,0.13268768010888082,0.14066617018726274,0.1480433259166526,0.15478490296165864,0.1608802432653468,0.16633851688999013,0.17134006858039744,0.17577015380791824,0.17967017178995576,0.18308551213616447,0.1860628623481612,0.18838005661242418,0.19053420066503712,0.19238115849239038,0.19395845968973874,0.1952998253860693,0.19643519051284636,0.19739086856444799,0.19818980376246234,0.19885186981131595,0.19939418627290528,0.19983143293224306,0.20017614960959199,0.20043901405687278,0.2006290942390922,0.20075407379720545,0.20082045111588975,0.200833713418683,0.20079848787034446,0.20071867192234483,0.20059754519450557,0.20043786511787479,0.20024194842202528,0.20001174036946573,0.19974887344407127,0.19945471700422363,0.19913041922391472,0.1987769424715938,0.19839509311925047,0.1979855466341844,0.19754886868245547,0.19708553286533295,0.19659593561686187,0.19608040871027485,0.19553922975223562,0.194972630985091,0.1943808066672772,0.19376391925963055,0.1931221046092837,0.19245547629249157,0.1917641292519861,0.1910481428427928,0.19030758338223233,0.1895425062843867,0.18875295784646048,0.18793897674355,0.1871005952792085,0.18623784043157113,0.1853507347283024,0.18443929697829728,0.18350354288349163
PD22,pathway,japan,Industrial,Oil products,Liquified petroleum gases (LPG),LPG,Final consumption,CO2e,IRONSTL,Mt,0.0,0.0,0.0,0.0,0.0,0.0,0.0,0.0,0.0,0.0,0.0,0.0,0.0,0.0,0.0,0.0,0.0,0.0,0.0,0.0,0.0,0.0,0.0,0.0,0.0,0.0,0.0,0.0,0.0,0.0,0.0,0.0,0.009476553413441002,0.020633996956932577,0.03367973494514609,0.048820258542718986,0.06580218351953182,0.08498986387858731,0.10647012727193672,0.13027048043585876,0.1563434891026646,0.18463956227946776,0.21486835269399052,0.24670399774153173,0.2797322472925226,0.3134685649828221,0.3477370813410264,0.38170785564441273,0.41485840609741403,0.4467167799436451,0.476886063320505,0.5055611499720998,0.5320750113298699,0.5563045715642995,0.578211525093364,0.5978288295729234,0.6158046529061457,0.6317265976005827,0.6457434544844083,0.6580183560522604,0.66871909948647,0.6770472099012913,0.6847893098176733,0.6914273672973332,0.6970962655556864,0.701917199992639,0.7059977582275544,0.7094325122563845,0.7123039247425823,0.7146834227595562,0.7166325348566931,0.7182040209049874,0.7194429496366297,0.7203876974183967,0.7210708549635393,0.7215200376564257,0.7217586010119323,0.7218062663819531,0.721679664024736,0.721392801572996,0.7209574661420445,0.7203835680749995,0.7196794338121519,0.718852054722852,0.7179072980346225,0.7168500852889913,0.7156845430798865,0.7144141302069558,0.7130417448108809,0.7115698145544348,0.7100003724693219,0.708335120701851,0.7065754840555223,0.7047226549396891,0.7027776310863861,0.7007412471860561,0.6986142014130952,0.696397077659758,0.694090364167336,0.6916944691344881,0.6892097337900733,0.6866364433399652,0.6839748361318835,0.6812251113267704,0.6783874353190618,0.6754619471089603,0.6724487627970285,0.6693479793440142,0.6661596777154544,0.6628839255114445,0.6595207791655159
PD22,pathway,japan,Industrial,Oil products,Liquified petroleum gases (LPG),LPG,Final consumption,CO2e,MACHINE,Mt,0.0,0.0,0.0,0.0,0.0,0.0,0.0,0.0,0.0,0.0,0.0,0.0,0.0,0.0,0.0,0.0,0.0,0.0,0.0,0.0,0.0,0.0,0.0,0.0,0.0,0.0,0.0,0.0,0.0,0.0,0.0,0.0,0.01057409081753502,0.0230237458949879,0.037580390304703504,0.054474430211522096,0.07342313541342549,0.09483305797099961,0.11880108157583646,0.14535789868697835,0.17445058138511504,0.20602379524225,0.23975356609902965,0.2752762912165866,0.3121297436332682,0.34977326987567564,0.3880106319571142,0.4259157686618273,0.46290568639332363,0.4984537726702636,0.5321171446166928,0.5641132678089699,0.5936978610349152,0.6207335943031311,0.6451777256286928,0.6670670296944393,0.6871247426785568,0.7048907048217083,0.7205309393246602,0.7342274720504377,0.7461675337956695,0.7554601734319192,0.7640989331225614,0.7715057844934816,0.777831232407295,0.7832105086417768,0.7877636611941633,0.7915962150196111,0.7948001832851828,0.7974552654689585,0.7996301161166052,0.8013836055413138,0.8027660221598134,0.8038201869397954,0.8045824651236315,0.8050836704016505,0.8053498632332432,0.8054030490202551,0.8052617840724915,0.8049416983319798,0.8044559440516901,0.803815579351974,0.8030298950089166,0.8021066921049601,0.8010525173870039,0.7998728623902934,0.7985723316347486,0.7971547845046831,0.7956234547921135,0.7939810513222336,0.7922298425845392,0.7903717278612766,0.7884082969711229,0.7863408804236253,0.7841705915042458,0.7818983615740146,0.7795249696671593,0.7770510673000552,0.7744771992601928,0.7718038210222058,0.7690313133347468,0.7661599944351196,0.7631901302755462,0.7601219430830112,0.7569556185231039,0.7536913116944878,0.750329152144039,0.7468692480621203,0.7433116897913813,0.7396565527610962,0.7359038999407079
PD22,pathway,japan,Industrial,Oil products,Liquified petroleum gases (LPG),LPG,Final consumption,CO2e,MINING,Mt,0.0,0.0,0.0,0.0,0.0,0.0,0.0,0.0,0.0,0.0,0.0,0.0,0.0,0.0,0.0,0.0,0.0,0.0,0.0,0.0,0.0,0.0,0.0,0.0,0.0,0.0,0.0,0.0,0.0,0.0,0.0,0.0,1.5120129912065457e-05,3.2922171277109365e-05,5.37370440029663e-05,7.789421103874769e-05,0.00010498939011959092,0.00013560391916647165,0.00016987633434562054,0.00020785052349345245,0.0002494508037895951,0.000294598051292865,0.0003428290080776293,0.00039362375042250935,0.00044632132961525605,0.0005001486531133277,0.0005548251158128239,0.0006090265219856777,0.0006619192359965468,0.0007127502428327395,0.0007608862543245383,0.0008066382293829914,0.0008489419035892037,0.0008876009057045903,0.0009225541180050913,0.0009538541254355121,0.000982535099648052,0.0010079390478694753,0.0010303033704027792,0.0010498883501170813,0.0010669617125329408,0.0010802494666245835,0.0010926022230984566,0.0011031934462021919,0.001112238346218585,0.0011199302941034442,0.00112644094918382,0.001131921203962761,0.0011365026301341009,0.0011402991917712796,0.0011434090595508553,0.0011459164134556522,0.00114789316202203,0.0011494005359132793,0.0011504905346060863,0.001151207219288205,0.001151587854395733,0.0011516639059469223,0.0011514619080258662,0.001151004210237654,0.0011503096192841565,0.0011493939474199854,0.0011482704797344985,0.0011469503711706614,0.0011454429830688795,0.0011437561678987185,0.0011418965097666108,0.0011398695272928528,0.0011376798445492677,0.001135331334945829,0.0011328272422466085,0.0011301702822779406,0.0011273627283572521,0.0011244064830100227,0.0011213031381481346,0.0011180540255456399,0.0011146602591610736,0.0011111227706123324,0.0011074423389032823,0.0011036196153273298,0.0010996551443255237,0.0010955493809525316,0.0010913027054994067,0.0010869154357335056,0.0010823878371422236,0.0010777201315046218,0.0010729125040626884,0.0010679651095202526,0.0010628780770602971,0.0010576515145408355,0.001052285512003288
PD22,pathway,japan,Industrial,Oil products,Liquified petroleum gases (LPG),LPG,Final consumption,CO2e,NONFERR,Mt,0.0,0.0,0.0,0.0,0.0,0.0,0.0,0.0,0.0,0.0,0.0,0.0,0.0,0.0,0.0,0.0,0.0,0.0,0.0,0.0,0.0,0.0,0.0,0.0,0.0,0.0,0.0,0.0,0.0,0.0,0.0,0.0,0.0029610993637749494,0.006447419499018225,0.010523767172222281,0.015254663821673481,0.020560935527290963,0.026556430474106912,0.03326827933864787,0.0407050770367805,0.04885200197950021,0.057693558674819706,0.06713902351409068,0.07708657555995738,0.08740677579154435,0.09794822313960325,0.10865596439940221,0.11927067143350478,0.12962908652099264,0.13958374054037267,0.14901061146224817,0.15797059692698456,0.16625527328266854,0.17382618353501364,0.1806713584975855,0.18680109631249756,0.19241792731772778,0.1973929913782424,0.20177278054736716,0.2056082681594999,0.20895188510466645,0.21155413524508115,0.2139732771141245,0.21604744341933882,0.21781878055993956,0.21932515796016755,0.2206001930774832,0.2216734364314506,0.22257065478870228,0.22331416667079348,0.22392319764850865,0.22441423338004216,0.22480135630532694,0.22509655772861545,0.22531002113498544,0.2254503753891216,0.2255249182919462,0.22553981209253862,0.22550025317875927,0.22541061845753946,0.22527459099994177,0.22509526744980077,0.22487524953540033,0.22461672182094114,0.22432151761468716,0.22399117473031924,0.2236269825875368,0.22323002194312874,0.22280119836710083,0.22234127042117677,0.22185087335834608,0.22133053904121033,0.22078071267221325,0.22020176683856282,0.2195940132974522,0.2189577128611442,0.2182930836852983,0.2176003082163071,0.21687953901290302,0.21613090362322906,0.21535450866965233,0.21455044326926997,0.21371878189760593,0.2128595867856544,0.2119729099259949,0.2110587947514446,0.2101172775394651,0.20914838858697926,0.20815215319295288,0.20712859248010757,0.20607772408199496
PD22,pathway,japan,Industrial,Oil products,Liquified petroleum gases (LPG),LPG,Final consumption,CO2e,NONMET,Mt,0.0,0.0,0.0,0.0,0.0,0.0,0.0,0.0,0.0,0.0,0.0,0.0,0.0,0.0,0.0,0.0,0.0,0.0,0.0,0.0,0.0,0.0,0.0,0.0,0.0,0.0,0.0,0.0,0.0,0.0,0.0,0.0,0.004622014716319456,0.010063852693128206,0.01642667157211508,0.02381118362282636,0.03209380534507972,0.041452243705781655,0.051928847296034364,0.06353703202079108,0.07625366268798867,0.09005455220249692,0.10479808901982662,0.12032533964499112,0.13643426119261096,0.15288852995849253,0.16960236884103405,0.18617098950984376,0.20233956107411508,0.21787789725300838,0.23259241060665858,0.24657815697594754,0.25950980543880026,0.27132732802192006,0.2820120418818608,0.29158002150939494,0.30034739888377543,0.3081130347093207,0.31494949897719443,0.3209363565627292,0.32615544745692754,0.3302173302129347,0.3339933971211819,0.33723098762695025,0.3399958885389488,0.34234721068550067,0.3443374279501263,0.3460126660852983,0.34741314473917323,0.348573701153735,0.3495243447478444,0.3502908081786741,0.35089507289183436,0.3513558562547333,0.35168905378863163,0.3519081343895906,0.352024489280638,0.35204773718861526,0.35198598921626184,0.3518460773289272,0.3516337504754174,0.3513538422434027,0.35101041370106684,0.35060687476028524,0.350146087053423,0.3496304509718855,0.3490619791860004,0.3484423586617116,0.3477730029138589,0.34705509599033113,0.3462896294649682,0.345477433528341,0.3446192031021641,0.343715519762179,0.3427668701338438,0.34177366132207787,0.34073623384860774,0.3396548724961469,0.33852981539540977,0.33736126163778796,0.33614937765138475,0.3348943025401218,0.3335961525537177,0.332255024829261,0.3308710005225787,0.32944414742846434,0.327974522172833,0.3264621720465072,0.32490713653893877,0.3233094486208319,0.32166913581660384
PD22,pathway,japan,Industrial,Oil products,Liquified petroleum gases (LPG),LPG,Final consumption,CO2e,ONONSPEC,Mt,0.0,0.0,0.0,0.0,0.0,0.0,0.0,0.0,0.0,0.0,0.0,0.0,0.0,0.0,0.0,0.0,0.0,0.0,0.0,0.0,0.0,0.0,0.0,0.0,0.0,0.0,0.0,0.0,0.0,0.0,0.0,0.0,7.654952842081134e-07,1.6723590075287564e-06,2.7385654979231465e-06,3.98216506808928e-06,5.350225101372771e-06,6.8885282085110955e-06,8.602593115373313e-06,1.0493114836683351e-05,1.255478489064195e-05,1.4802254441111218e-05,1.7197227715112227e-05,1.9713064356442815e-05,2.231625730441105e-05,2.4967924074134703e-05,2.765582209781613e-05,3.031260045555022e-05,3.289710784777805e-05,3.537242370283016e-05,3.770775891456445e-05,3.993354305332667e-05,4.1984828905980675e-05,4.385253104024853e-05,4.55342573029494e-05,4.70332128901117e-05,4.841892715401454e-05,4.964211579830375e-05,5.071476997679198e-05,5.164996952728326e-05,5.2461122370318486e-05,5.305465088583236e-05,5.362353854839628e-05,5.4105808167900634e-05,5.4512189827259905e-05,5.485230969537659e-05,5.513470119342531e-05,5.536685586921394e-05,5.5555298372717e-05,5.570567401333764e-05,5.5822840756562544e-05,5.591096017381907e-05,5.5973583866253333e-05,5.601373334631249e-05,5.6033972391220845e-05,5.603647158098859e-05,5.602306518612345e-05,5.599530084544224e-05,5.5954482625377576e-05,5.590170811874629e-05,5.583790025215084e-05,5.576383444777459e-05,5.5680161741769184e-05,5.558742840758076e-05,5.548609257490988e-05,5.5376538277698964e-05,5.525908731009783e-05,5.513400921913394e-05,5.500152971746932e-05,5.486183775930108e-05,5.471509148701997e-05,5.456142322538571e-05,5.440094367327986e-05,5.423374542015825e-05,5.4059905894673774e-05,5.3879489836198455e-05,5.3692551365727496e-05,5.349913572057476e-05,5.329928070704456e-05,5.3093017916632365e-05,5.288037374402128e-05,5.266137023899964e-05,5.243602581925982e-05,5.220435586669194e-05,5.1966373226131814e-05,5.1722088622454424e-05,5.147151100932954e-05,5.121464786079498e-05,5.0951505414988257e-05,5.068208887785965e-05,5.0406402593415004e-05
PD22,pathway,japan,Industrial,Oil products,Liquified petroleum gases (LPG),LPG,Final consumption,CO2e,PAPERPRO,Mt,0.0,0.0,0.0,0.0,0.0,0.0,0.0,0.0,0.0,0.0,0.0,0.0,0.0,0.0,0.0,0.0,0.0,0.0,0.0,0.0,0.0,0.0,0.0,0.0,0.0,0.0,0.0,0.0,0.0,0.0,0.0,0.0,0.002646778380045206,0.005763025295891511,0.00940666826950301,0.013635379782254348,0.018378390233335373,0.023737462811930787,0.029736848270631,0.03638422917415257,0.04366635724659651,0.0515693818439481,0.06001220967738774,0.06890382811190357,0.07812853809119959,0.08755100978416495,0.09712212327406258,0.10661007813031569,0.11586894645486431,0.12476691298771843,0.13319312064989167,0.14120200279133743,0.14860725995094237,0.15537451734808133,0.16149307632661714,0.16697214187988232,0.1719927457308988,0.17643970626042418,0.18035458038582913,0.18378293061713724,0.18677162230032934,0.18909764333676587,0.19125999306253913,0.19311398641393437,0.1946972959458159,0.19604377123938024,0.1971834612557285,0.19814277972391617,0.19894475826580685,0.19960934628973484,0.20015372857028732,0.20059264081144754,0.20093867060078813,0.20120253636445593,0.2013933406096031,0.2015187962460939,0.2015854264125772,0.2015987392347969,0.20156337950353959,0.20148325951664267,0.20136167138681946,0.20120138304886212,0.20100472005734554,0.20077363508476945,0.20050976683354826,0.200214489878292,0.1998889567666743,0.19953413353304641,0.19915082962107045,0.1987397230710699,0.19830138170386796,0.19783628092479963,0.1973448186780262,0.1968273280005875,0.19628408755662052,0.19571533047314113,0.19512125174856443,0.19450201446258092,0.1938577549797987,0.19318858730911315,0.19249460675491678,0.19177589297451827,0.19103251253785747,0.1902645210701025,0.1894719650448155,0.18865488328441607,0.18781330821550954,0.1869472669189977,0.18605678200835857,0.18514187236413474,0.1842025537480748
PD22,pathway,japan,Industrial,Oil products,Liquified petroleum gases (LPG),LPG,Final consumption,CO2e,TEXTILES,Mt,0.0,0.0,0.0,0.0,0.0,0.0,0.0,0.0,0.0,0.0,0.0,0.0,0.0,0.0,0.0,0.0,0.0,0.0,0.0,0.0,0.0,0.0,0.0,0.0,0.0,0.0,0.0,0.0,0.0,0.0,0.0,0.0,0.0019138169798134652,0.004167094513664343,0.006801718494217152,0.009859390400883544,0.01328893856598401,0.017163945319210352,0.02150194575244288,0.02630849492949569,0.031574013364772335,0.03728848601587384,0.043393276423373914,0.049822575705208136,0.05649272486666912,0.06330587040758927,0.07022649498680893,0.07708698970918562,0.08378183788649152,0.09021572731402171,0.09630850010560925,0.1020995156085249,0.1074540655016275,0.11234729427025289,0.1167714659929009,0.12073323656213565,0.12436350533395031,0.12757898745898594,0.13040973166919986,0.1328886830369804,0.13504972868169454,0.13673161432368755,0.13829515347478533,0.13963572810812544,0.14078057827361742,0.14175417972780446,0.14257826009715294,0.1432719184658732,0.1438518084039534,0.14433235481250925,0.14472598355750949,0.1450433496453215,0.14529355483490372,0.1454843493429389,0.14562231495688535,0.14571302868234856,0.1457612072321452,0.1457708333895165,0.145745265682529,0.14568733299254566,0.14559941576110919,0.14548351541026697,0.14534131348837473,0.14517422192240526,0.14498342561568459,0.14476991848755566,0.14453453391542734,0.14427797041374957,0.14400081327029582,0.1437035527584844,0.14338659945486426,0.14305029711273531,0.1426949334752266,0.1423207493528066,0.1419279462403044,0.1415166927058345,0.14108712974770676,0.14063937528462675,0.14017352791831522,0.13968967008565514,0.13918787069878744,0.1386681873558514,0.13813066819184855,0.1375753534278991,0.13700227666783363,0.13641146598313938,0.13580294482065605,0.135176732761883,0.13453284615804129,0.13387129866116296,0.13319210166816056
PD22,pathway,japan,Industrial,Oil products,Liquified petroleum gases (LPG),LPG,Final consumption,CO2e,TRANSEQ,Mt,0.0,0.0,0.0,0.0,0.0,0.0,0.0,0.0,0.0,0.0,0.0,0.0,0.0,0.0,0.0,0.0,0.0,0.0,0.0,0.0,0.0,0.0,0.0,0.0,0.0,0.0,0.0,0.0,0.0,0.0,0.0,0.0,0.0062547935453864945,0.013619022164608363,0.022229578577211806,0.03222275279786824,0.04343130406108969,0.0560957163241535,0.07027329829560802,0.08598220520014538,0.10319112907817074,0.1218673384703986,0.14181919595704867,0.16283162299345966,0.18463120276620154,0.2068981275571395,0.22951631853607285,0.2519379913293943,0.2738182931599472,0.29484572184697283,0.3147583030040503,0.33368467201996355,0.3511845711550901,0.3671767668775258,0.3816359764186584,0.3945839527644253,0.40644850508132335,0.4169574393488721,0.4262089617261123,0.4343107442779799,0.44137353789535144,0.44687032654785963,0.45198033168074275,0.4563616375486328,0.46010327089240843,0.4632852241071937,0.4659785080677022,0.46824554296870813,0.4701407565027066,0.4717112925603326,0.47299776172612823,0.47403498700864444,0.4748527150470766,0.47547627532997777,0.4759271786507758,0.4762236519449779,0.47638111051362503,0.4764125710073023,0.4763290098672754,0.47613967252770917,0.47585233881841654,0.4754735498464289,0.47500880129806977,0.4744627076750442,0.47383914151362555,0.4731413511705568,0.4723720603146594,0.47153355185162327,0.4706277386363485,0.46965622299499515,0.46862034678604575,0.4675212334742536,0.4663598234702672,0.46513690379801803,0.46385313298889586,0.4625090619622241,0.46110515153287035,0.4596417870862533,0.45811929087544806,0.45653793232312595,0.4548979366499949,0.45319949210000565,0.45144275598940103,0.4496278597700418,0.44775491326696604,0.445824008224243,0.44383522127153086,0.4417886164056682,0.43968424706620163,0.43752215787110815,0.4353023860681161
PD22,pathway,japan,Industrial,Oil products,Liquified petroleum gases (LPG),LPG,Final consumption,CO2e,WOODPRO,Mt,0.0,0.0,0.0,0.0,0.0,0.0,0.0,0.0,0.0,0.0,0.0,0.0,0.0,0.0,0.0,0.0,0.0,0.0,0.0,0.0,0.0,0.0,0.0,0.0,0.0,0.0,0.0,0.0,0.0,0.0,0.0,0.0,4.0971702002224036e-05,8.92107011432196e-05,0.000145613706110625,0.00021107347760492869,0.0002844945136313026,0.0003674520919287171,0.00046032161023200086,0.0005632219934026206,0.0006759481602685866,0.0007982857050967285,0.0009289793168685864,0.0010666201346881143,0.001209417155843398,0.0013552754963977655,0.0015034347879705114,0.0016503067973203534,0.0017936325841453019,0.0019313716695022096,0.002061808003706181,0.00218578420622626,0.0023004163914823565,0.002405172443420181,0.0024998867485700226,0.002584701798742526,0.0026624199357826034,0.0027312581668203894,0.002791859786227441,0.0028449300943028813,0.0028911945590361096,0.002927200989145364,0.0029606738137901902,0.0029893733315436094,0.0030138827074727044,0.003034725927629406,0.003052368145080167,0.0030672182400862864,0.003079632738435771,0.0030899204537488145,0.003098347403561555,0.0031051416941925815,0.00311049817946526,0.0031145827788858584,0.0031175363977955,0.0031194784307936353,0.0031205098550133948,0.003120715935352008,0.003120168572420953,0.0031189283279591156,0.0031170461633397875,0.00311456492574667,0.003111520614389122,0.003107943456322182,0.0031038588183946586,0.0030992879787995887,0.003094248778788884,0.003088756172418335,0.0030828226897451475,0.0030764588267240597,0.00306967337312974,0.00306247368816002,0.0030548659319262696,0.003046855259788097,0.003038445985421351,0.0030296417175946,0.003020445474851828,0.0030108597816403126,0.0030008867488621744,0.0029905281413567047,0.002979785434420514,0.002968659861135878,0.002957152451994721,0.002945264068065663,0.002932995428751944,0.0029203471350183487,0.0029073196888234967,0.0028939135093753714,0.0028801289467269633,0.002865966293146025,0.002851425792621877
PD22,pathway,japan,Industrial,Oil products,Lubricants,LUBRIC,Energy industry own use and Losses,CO2e,EREFINER,Mt,0.0,0.0,0.0,0.0,0.0,0.0,0.0,0.0,0.0,0.0,0.0,0.0,0.0,0.0,0.0,0.0,0.0,0.0,0.0,0.0,0.0,0.0,0.0,0.0,0.0,0.0,0.0,0.0,0.0,0.0,0.0,0.0,0.0,0.0,0.0,0.0,0.0,0.0,0.0,0.0,0.0,0.0,0.0,0.0,0.0,0.0,0.0,0.0,0.0,0.0,0.0,0.0,0.0,0.0,0.0,0.0,0.0,0.0,0.0,0.0,0.0,0.0,0.0,0.0,0.0,0.0,0.0,0.0,0.0,0.0,0.0,0.0,0.0,0.0,0.0,0.0,0.0,0.0,0.0,0.0,0.0,0.0,0.0,0.0,0.0,0.0,0.0,0.0,0.0,0.0,0.0,0.0,0.0,0.0,0.0,0.0,0.0,0.0,0.0,0.0,0.0,0.0,0.0,0.0,0.0,0.0,0.0,0.0,0.0,0.0,0.0
PD22,pathway,japan,Industrial,Oil products,Lubricants,LUBRIC,Final consumption,CO2e,AGRICULT,Mt,0.0,0.0,0.0,0.0,0.0,0.0,0.0,0.0,0.0,0.0,0.0,0.0,0.0,0.0,0.0,0.0,0.0,0.0,0.0,0.0,0.0,0.0,0.0,0.0,0.0,0.0,0.0,0.0,0.0,0.0,0.0,0.0,0.0,0.0,0.0,0.0,0.0,0.0,0.0,0.0,0.0,0.0,0.0,0.0,0.0,0.0,0.0,0.0,0.0,0.0,0.0,0.0,0.0,0.0,0.0,0.0,0.0,0.0,0.0,0.0,0.0,0.0,0.0,0.0,0.0,0.0,0.0,0.0,0.0,0.0,0.0,0.0,0.0,0.0,0.0,0.0,0.0,0.0,0.0,0.0,0.0,0.0,0.0,0.0,0.0,0.0,0.0,0.0,0.0,0.0,0.0,0.0,0.0,0.0,0.0,0.0,0.0,0.0,0.0,0.0,0.0,0.0,0.0,0.0,0.0,0.0,0.0,0.0,0.0,0.0,0.0
PD22,pathway,japan,Industrial,Oil products,Lubricants,LUBRIC,Final consumption,CO2e,FISHING,Mt,0.0,0.0,0.0,0.0,0.0,0.0,0.0,0.0,0.0,0.0,0.0,0.0,0.0,0.0,0.0,0.0,0.0,0.0,0.0,0.0,0.0,0.0,0.0,0.0,0.0,0.0,0.0,0.0,0.0,0.0,0.0,0.0,0.0,0.0,0.0,0.0,0.0,0.0,0.0,0.0,0.0,0.0,0.0,0.0,0.0,0.0,0.0,0.0,0.0,0.0,0.0,0.0,0.0,0.0,0.0,0.0,0.0,0.0,0.0,0.0,0.0,0.0,0.0,0.0,0.0,0.0,0.0,0.0,0.0,0.0,0.0,0.0,0.0,0.0,0.0,0.0,0.0,0.0,0.0,0.0,0.0,0.0,0.0,0.0,0.0,0.0,0.0,0.0,0.0,0.0,0.0,0.0,0.0,0.0,0.0,0.0,0.0,0.0,0.0,0.0,0.0,0.0,0.0,0.0,0.0,0.0,0.0,0.0,0.0,0.0,0.0
PD22,pathway,japan,Industrial,Oil products,Motor gasoline excl. biofuels,NONBIOGASO,Energy industry own use and Losses,CO2e,EGASWKS,Mt,0.0,0.0,0.0,0.0,0.0,0.0,0.0,0.0,0.0,0.0,0.0,0.0,0.0,0.0,0.0,0.0,0.0,0.0,0.0,0.0,0.0,0.0,0.0,0.0,0.0,0.0,0.0,0.0,0.0,0.0,0.0,0.0,8.348181140262168e-07,1.8177108989833298e-06,2.966949225224808e-06,4.300723520969092e-06,5.796712406714231e-06,7.4870129232675904e-06,9.379273979844203e-06,1.1475918727636442e-05,1.3772768539229384e-05,1.626545479479388e-05,1.892839992918772e-05,2.1732897724736645e-05,2.4642455640659804e-05,2.761438941021572e-05,3.063320616231224e-05,3.362579392061479e-05,3.654612569111415e-05,3.935262573495194e-05,4.201032871528558e-05,4.453640340865143e-05,4.6872089260730597e-05,4.9006544151250404e-05,5.093639362619295e-05,5.266454102466337e-05,5.4248085408196825e-05,5.565069744039277e-05,5.6885484553156166e-05,5.7966817578958324e-05,5.890947827664986e-05,5.964312659018569e-05,6.032515147505886e-05,6.0909917938582156e-05,6.140930824919157e-05,6.183399887445547e-05,6.219346753159558e-05,6.249604535239117e-05,6.274899672107329e-05,6.295861386352952e-05,6.313031701487246e-05,6.326875395094195e-05,6.337789491201072e-05,6.346112058773861e-05,6.352130199215194e-05,6.356087184758028e-05,6.358188761162771e-05,6.358608659754264e-05,6.357493381483019e-05,6.354966323801827e-05,6.351131322957317e-05,6.34607568214497e-05,6.339872751483514e-05,6.332584120049912e-05,6.324261474017413e-05,6.314948168726688e-05,6.304680556585731e-05,6.293489107201713e-05,6.281399351168222e-05,6.26843267449734e-05,6.254606986777278e-05,6.239937282727202e-05,6.22443611387001e-05,6.208113984498599e-05,6.190979683934774e-05,6.173040565217882e-05,6.154302778776324e-05,6.13477146829272e-05,6.114450934831564e-05,6.093344774337707e-05,6.071455992798877e-05,6.048787102679459e-05,6.025340203656254e-05,6.001117050197956e-05,5.976119108123225e-05,5.95034760192669e-05,5.923803554373151e-05,5.89648781961902e-05,5.868401110914081e-05,5.839544023767923e-05,5.809917055320511e-05
PD22,pathway,japan,Industrial,Oil products,Motor gasoline excl. biofuels,NONBIOGASO,Energy industry own use and Losses,CO2e,EREFINER,Mt,0.0,0.0,0.0,0.0,0.0,0.0,0.0,0.0,0.0,0.0,0.0,0.0,0.0,0.0,0.0,0.0,0.0,0.0,0.0,0.0,0.0,0.0,0.0,0.0,0.0,0.0,0.0,0.0,0.0,0.0,0.0,0.0,4.7674792855809806e-06,1.038058340191401e-05,1.694365363541381e-05,2.4560571883550358e-05,3.3103865212263635e-05,4.275683340219656e-05,5.356315784409431e-05,6.553667666978622e-05,7.865352657383118e-05,9.288875924210886e-05,0.00010809630631560528,0.0001241122323264261,0.00014072813567268,0.00015770025504385982,0.00017494011375173267,0.0001920301839218469,0.00020870761459681466,0.00022473497504716343,0.0002399125852272529,0.0002543384925861265,0.0002676771273501803,0.00027986657233896076,0.0002908875567204627,0.00030075666088364756,0.00030979996614913035,0.0003178100029425949,0.00032486162518616425,0.0003310369018299152,0.000336420248542292,0.00034060996733123244,0.00034450487504376616,0.0003478443593636549,0.0003506962775494832,0.0003531216007722402,0.00035517445437943597,0.00035690241579843543,0.00035834697047470526,0.0003595440520518442,0.00036052461440853347,0.00036131520006303923,0.00036193848226351066,0.0003624137674524575,0.00036275745141678114,0.00036298342694716126,0.0003631034437724834,0.0003631274233412464,0.00036306373202973214,0.0003629194168196745,0.0003627004075914464,0.0003624116900559348,0.0003620574530917204,0.00036164121392781015,0.00036116592425818625,0.00036063406001964364,0.0003600476972254978,0.00035940857593407536,0.00035871815414651473,0.00035797765317519404,0.00035718809580087665,0.000356350338341985,0.00035546509759088835,0.00035453297342674585,0.00035355446779014685,0.00035253000059846256,0.0003514599230903582,0.0003503445290112605,0.0003491840639863608,0.00034797873337287765,0.00034672870883675815,0.00034543413385981834,0.0003440951283504012,0.0003427117925027047,0.0003412842100267011,0.00033981245085082926,0.0003382965733831418,0.00033673662640280286,0.00033513265064208126,0.0003334846801093384,0.0003317927431952436
PD22,pathway,japan,Industrial,Oil products,Other kerosene,OTHKERO,Energy industry own use and Losses,CO2e,ECOKEOVS,Mt,0.0,0.0,0.0,0.0,0.0,0.0,0.0,0.0,0.0,0.0,0.0,0.0,0.0,0.0,0.0,0.0,0.0,0.0,0.0,0.0,0.0,0.0,0.0,0.0,0.0,0.0,0.0,0.0,0.0,0.0,0.0,0.0,5.560911738503038e-05,0.000122187887092679,0.00020119490718714748,0.00029411304799679353,0.0003942491748063991,0.0005064472868943812,0.0006310322830063073,0.0007679735860768857,0.0009168029953736533,0.0010824842999030428,0.0012594221475450396,0.0014457009434379817,0.0016388890955481524,0.0018361455381176828,0.0020334244283642857,0.002228345437421283,0.002417886642323992,0.0025993391782052717,0.002770446536771262,0.002931130761879794,0.003078747197409925,0.0032126725839387513,0.0033327747719371905,0.00343933028997912,0.003538093265985842,0.0036248867684715437,0.0037006133598984888,0.003766251643422042,0.0038228007083043383,0.003862347964138484,0.0039008521003778994,0.003933042540884699,0.003959712780118527,0.003981573537088114,0.003999253945155189,0.004013305600009749,0.004024208322546044,0.0040323767960927966,0.0040381674865736595,0.0040418854494234085,0.004043790774105044,0.0040441045238729266,0.004043014103314533,0.004040678036725664,0.004037230172878653,0.0040327833513070736,0.004027432575762555,0.004021257744919751,0.00401432599084367,0.004006693673701319,0.003998408077750919,0.0039895088494884745,0.003980029214441898,0.003969997004774495,0.003959435525767166,0.00394836428548974,0.0039367996085875575,0.003924755152107332,0.003912242338654308,0.003899270719883899,0.0038858482813558287,0.0038719816980823194,0.0038576765486521675,0.003842937494577865,0.0038277684304641353,0.003812172609708175,0.0037961527496909587,0.0037797111197850146,0.0037628496149700627,0.0037455698173979772,0.003727873047870639,0.0037097604088761065,0.003691232820561757,0.0036722910507992327,0.00365293574030792,0.0036331674236462995,0.003612986546748546,0.0035923934815731136,0.003571388538337264
PD22,pathway,japan,Industrial,Oil products,Other kerosene,OTHKERO,Energy industry own use and Losses,CO2e,EPOWERPLT,Mt,0.0,0.0,0.0,0.0,0.0,0.0,0.0,0.0,0.0,0.0,0.0,0.0,0.0,0.0,0.0,0.0,0.0,0.0,0.0,0.0,0.0,0.0,0.0,0.0,0.0,0.0,0.0,0.0,0.0,0.0,0.0,0.0,1.1963369656487746e-05,2.6048724923188513e-05,4.251789669753041e-05,6.163156310008938e-05,8.306984737000171e-05,0.0001072927164840336,0.00013440978321515998,0.00016445577255671856,0.00019737080264512592,0.00023309226892853174,0.0002712536318439252,0.0003114435166406785,0.00035313896658398854,0.0003957282943458433,0.0004389894791760924,0.00048187478913826805,0.0005237246339165184,0.0005639432119531778,0.0006020294521253476,0.0006382293917635586,0.0006717009621336453,0.000702288790118394,0.0007299445180694423,0.0007547097523180008,0.0007774027515586361,0.0007975028978586126,0.0008151980274070256,0.0008306940815679122,0.000844202890490058,0.0008547164452695033,0.0008644902099681512,0.0008728702118491679,0.0008800267298838266,0.000886112763301541,0.0008912641326274267,0.0008956002272320034,0.0008992251494489685,0.000902229070086778,0.0009046896638810268,0.0009066735358316765,0.0009082375815082048,0.0009094302479189055,0.0009102926781601121,0.0009108597343844431,0.0009111609010094705,0.0009112210746207503,0.0009110612495522165,0.0009106991092886616,0.0009101495340941975,0.000909425034962323,0.0009085361233394226,0.0009074916252545698,0.0009062989476001919,0.0009049643034178888,0.0009034929021932637,0.0009018891103765392,0.0009001565866320812,0.0008982983956845732,0.0008963171040694143,0.0008942148606063934,0.0008919934639928023,0.0008896544195474268,0.0008871989868249405,0.0008846282195534118,0.0008819429991206214,0.0008791440626425415,0.0008762320264836663,0.0008732074059612461,0.0008700706318486651,0.0008668220641948924,0.0008634620038943308,0.0008599907023712979,0.0008564083696850898,0.0008527151813120364,0.0008489112838195534,0.000844996799612614,0.0008409718309035531,0.0008368364630319341,0.0008325907672404512
PD22,pathway,japan,Industrial,Oil products,Other kerosene,OTHKERO,Energy industry own use and Losses,CO2e,EREFINER,Mt,0.0,0.0,0.0,0.0,0.0,0.0,0.0,0.0,0.0,0.0,0.0,0.0,0.0,0.0,0.0,0.0,0.0,0.0,0.0,0.0,0.0,0.0,0.0,0.0,0.0,0.0,0.0,0.0,0.0,0.0,0.0,0.0,0.003072207584431552,0.006689343602317932,0.010918646540140353,0.01582705884991059,0.021332435798244426,0.027552897452914116,0.03451659250464428,0.042232438373105585,0.05068505732436898,0.059858372434914014,0.0696582559081575,0.07997906621790635,0.09068650745146012,0.10162349757404276,0.11273302139243536,0.12374602009677987,0.13449311010793735,0.14482128887588758,0.15460188073914807,0.16389806837739979,0.1724936075362227,0.18034859821395965,0.18745062210888383,0.19381036377643188,0.1996379530244805,0.20479969454748725,0.20934382490265452,0.2133232300776857,0.21679230830722504,0.21949220170350014,0.22200211612542478,0.22415411059484658,0.22599191295450838,0.22755481358885152,0.22887769137058186,0.2299912056323241,0.2309220899774296,0.23169350037696565,0.23232538379559736,0.23283484447668745,0.2332364932702798,0.2335427714258381,0.23376424453953074,0.23390986525369503,0.23398720520189978,0.23400265785698482,0.23396161458892312,0.2338686165376828,0.23372748497282034,0.23354143273237554,0.23331315916830633,0.23304493081539668,0.2327386497724487,0.23239591155594913,0.23201805396800917,0.23160619831824927,0.23116128415603868,0.23068409850632834,0.23017530045846726,0.22963544183193788,0.2290649845343483,0.22846431513335655,0.22783375708410392,0.2271735809852139,0.2264840131781191,0.2257652429550795,0.22501742859923166,0.2242407024446597,0.22343517511448197,0.2226009390697028,0.2217380715803634,0.22084663721252817,0.2199266899096747,0.21897827473433346,0.21800142932519165,0.21699618511599222,0.21596256835498454,0.21490060095747016,0.2138103012186579
PD22,pathway,japan,Industrial,Oil products,Other kerosene,OTHKERO,Final consumption,CO2e,AGRICULT,Mt,0.0,0.0,0.0,0.0,0.0,0.0,0.0,0.0,0.0,0.0,0.0,0.0,0.0,0.0,0.0,0.0,0.0,0.0,0.0,0.0,0.0,0.0,0.0,0.0,0.0,0.0,0.0,0.0,0.0,0.0,0.0,0.0,0.017537863382429908,0.038186480239840614,0.0623296851138575,0.09034962261730439,0.12177736509080761,0.1572872073384719,0.19703983768579403,0.24108616170592012,0.28933839477187817,0.3417047608950474,0.3976479264507947,0.45656483106544243,0.5176888392480502,0.5801232396957438,0.6435425580901655,0.7064108576433706,0.7677612030202545,0.8267201708776106,0.882553209232962,0.9356209998351582,0.9846891006463394,1.0295297403461148,1.0700720283865168,1.1063769581309186,1.1396440669679362,1.169110148005119,1.1950505622416858,1.2177672122026761,1.2375706331566938,1.252983120831988,1.2673111032431927,1.2795958802210632,1.2900870745241397,1.2990089774399203,1.30656069690224,1.3129172533718563,1.318231257071357,1.3226348951156761,1.3262420358329061,1.329150319722626,1.3314431536136158,1.3331915590522405,1.334455850316446,1.335287134049878,1.3357286333328342,1.3358168456512827,1.3355825479327033,1.3350516635205463,1.33424600633903,1.3331839170481072,1.3318808050446238,1.3303496089651456,1.328601187043701,1.3266446473725642,1.3244876268675412,1.3221365265853295,1.3195967099943873,1.3168726698692719,1.3139681686572269,1.3108863564496542,1.3076298700711508,1.3042009162641288,1.3006013414897795,1.2968326904750007,1.292896255302119,1.2887931165562518,1.2845241778052574,1.2800901944854213,1.2754917980948062,1.2707295164520627,1.2658037906574058,1.2607149892897112,1.255463420288242,1.2500493408948943,1.2444729659721518,1.2387344749612388,1.2328340177017088,1.2267717192982477,1.220547684190045
PD22,pathway,japan,Industrial,Oil products,Other kerosene,OTHKERO,Final consumption,CO2e,CHEMICAL,Mt,0.0,0.0,0.0,0.0,0.0,0.0,0.0,0.0,0.0,0.0,0.0,0.0,0.0,0.0,0.0,0.0,0.0,0.0,0.0,0.0,0.0,0.0,0.0,0.0,0.0,0.0,0.0,0.0,0.0,0.0,0.0,0.0,0.004458622878475371,0.009708087623511275,0.015845975874987317,0.022969439644894285,0.030959264206509574,0.039986874446369336,0.050093121899734305,0.061290948208816975,0.07355803602870148,0.08687105329700162,0.10109339454816432,0.11607174471064696,0.13161120327320577,0.14748380075955983,0.1636067923557859,0.17958969931579702,0.1951866992202311,0.2101757430534416,0.22437008684308232,0.23786142613166034,0.25033593069983057,0.26173569461013574,0.27204269547226867,0.2812724395311713,0.2897298832531959,0.29722099777419336,0.3038157876793397,0.3095910051633497,0.3146255971094883,0.31854388913086024,0.3221864691183969,0.3253096082657444,0.32797676776643303,0.33024496883473914,0.33216483036132965,0.3337808475172248,0.3351318181545393,0.33625134799148604,0.3371683855904808,0.33790775393912453,0.3384906574217206,0.3389351517320886,0.339256570472372,0.33946790640261415,0.33958014805719283,0.33960257413342687,0.33954300900022605,0.3394080431076168,0.3392032221745655,0.3389332089176349,0.33860192084307,0.3382126473196925,0.33776814881892353,0.3372707408764534,0.33672236501313874,0.3361246485593567,0.33547895506109104,0.3347864267092114,0.3340480200246459,0.3332645358500791,0.3324366445411991,0.33156490711458975,0.3306497929931185,0.3296916948902267,0.32869094128993176,0.32764780690765527,0.32656252145600434,0.3254352769883342,0.3242662340493844,0.3230555268256441,0.32180326745731325,0.32050954964760847,0.31917445168343456,0.31779803896298614,0.3163803661104081,0.31492147874475473,0.3134214149594955,0.31188020655979404,0.31029788009705817
PD22,pathway,japan,Industrial,Oil products,Other kerosene,OTHKERO,Final consumption,CO2e,CONSTRUC,Mt,0.0,0.0,0.0,0.0,0.0,0.0,0.0,0.0,0.0,0.0,0.0,0.0,0.0,0.0,0.0,0.0,0.0,0.0,0.0,0.0,0.0,0.0,0.0,0.0,0.0,0.0,0.0,0.0,0.0,0.0,0.0,0.0,0.0047181680545512195,0.010273214430662536,0.016768401186718185,0.024306535743732094,0.032761463652094036,0.04231458877695565,0.05300914070150908,0.0648588144263238,0.0778399934700974,0.09192798756536424,0.10697823917469268,0.12282850845574783,0.13927254935654707,0.1560691218508045,0.17313066438680944,0.19004396768537768,0.20654889952233618,0.22241048497365054,0.23743110933435035,0.25170780592418346,0.2649084758516703,0.27697184236124595,0.2878788339439423,0.29764585949360933,0.30659562759018044,0.3145228145690535,0.3215015001195073,0.3276129043319352,0.3329405697424026,0.3370869532216804,0.3409415749292737,0.3442465181273341,0.3470689382098428,0.3494691757077135,0.3515007961364452,0.35321088481816804,0.35464049810400705,0.35582519796689505,0.3567956181218015,0.3575780265510854,0.3581948619878181,0.35866523118314364,0.35900536033823777,0.35922899854717016,0.3593477740084408,0.3593715055505247,0.3593084730141804,0.35916565049244675,0.35894890653146017,0.35866317527365293,0.35831260227098616,0.3579006683728874,0.3574302947432295,0.3569039317095735,0.35632363381251003,0.355691123112507,0.35500784253023215,0.3542750007457244,0.35349360996086937,0.3526645176369742,0.35178843315244523,0.3508659501817412,0.3498975654737546,0.34888369460254615,0.3478246851738315,0.34672082789475517,0.3455723658499455,0.34437950227256003,0.34314240705296223,0.3418612221888995,0.34053606634847294,0.33916703868954695,0.3377542220562605,0.3362976856537652,0.3347974872859844,0.33325367522754734,0.3316662897894186,0.33003536462820293,0.3283609278409175
PD22,pathway,japan,Industrial,Oil products,Other kerosene,OTHKERO,Final consumption,CO2e,FISHING,Mt,0.0,0.0,0.0,0.0,0.0,0.0,0.0,0.0,0.0,0.0,0.0,0.0,0.0,0.0,0.0,0.0,0.0,0.0,0.0,0.0,0.0,0.0,0.0,0.0,0.0,0.0,0.0,0.0,0.0,0.0,0.0,0.0,4.16921132929955e-05,9.077930564877932e-05,0.0001481740527119772,0.000214784812722042,0.0002894968213160336,0.00037391305456649804,0.0004684155108802771,0.0005731252061916682,0.0006878334533571323,0.0008123220767168558,0.0009453136929393684,0.001085374668926177,0.0012306825105087662,0.0013791054991068663,0.0015298698966738852,0.0016793243775507342,0.001825170282165313,0.001965331253541653,0.0020980610684480407,0.0022242171622520474,0.002340864941601347,0.0024474629341690343,0.0025438426144800967,0.002630148979799045,0.0027092336459478786,0.002779282269438328,0.002840949455778807,0.0028949529066643782,0.0029420308460917617,0.002978670382406602,0.0030127317645101057,0.0030419359099850708,0.0030668762377732833,0.0030880859472482967,0.0031060383703293993,0.0031211495766779486,0.003133782360925825,0.003144250966607235,0.003152826088682664,0.003159739844296696,0.003165190513415314,0.0031693469329311754,0.0031723524857441483,0.0031743286657859885,0.003175378225685185,0.003175587929563838,0.0031750309422721545,0.003173768890414726,0.0031718536314259515,0.0031693287658776893,0.003166230925958539,0.003162590870210167,0.003158434411510308,0.0031537832021895085,0.0031486553972049614,0.003143066213551759,0.00313702840160489,0.003130552641870967,0.003123647878676522,0.0031163216006172127,0.0031085800761185283,0.003100428551187502,0.00309187141534796,0.003082912340821965,0.003073554399228992,0.0030638001594040344,0.0030536517693655063,0.0030431110249841205,0.0030321794274968407,0.0030208582316674035,0.003009148486107018,0.0029970510670245987,0.002984566706472755,0.0029716960159831213,0.0029584395063403275,0.002944797604123351,0.0029307706655402133,0.0029163589879976537,0.00290156281977509
PD22,pathway,japan,Industrial,Oil products,Other kerosene,OTHKERO,Final consumption,CO2e,FOODPRO,Mt,0.0,0.0,0.0,0.0,0.0,0.0,0.0,0.0,0.0,0.0,0.0,0.0,0.0,0.0,0.0,0.0,0.0,0.0,0.0,0.0,0.0,0.0,0.0,0.0,0.0,0.0,0.0,0.0,0.0,0.0,0.0,0.0,0.005431960617356013,0.01182740749286848,0.01930522478410135,0.02798377323099943,0.03771781298749011,0.0487161917758136,0.0610286792079654,0.07467104214576314,0.08961609126596276,0.10583540101039096,0.12316254431642687,0.14141073673215204,0.1603425300745212,0.17968018808934327,0.1993229023918836,0.2187949509422944,0.237796847164287,0.25605806772790274,0.2733511015986895,0.28978766187489813,0.3049854077668984,0.3188737922066042,0.3314308584335881,0.34267549777688644,0.3529792400923278,0.36210569912850366,0.37014016179127573,0.3771761356300264,0.3833098019932228,0.38808347505943885,0.39252124689553414,0.39632618158351013,0.3995755941853002,0.40233895390669855,0.4046779299734033,0.4066467310554979,0.4082926247534206,0.4096565530671625,0.4107737841625355,0.41167455999871155,0.41238471397393717,0.4129262434224614,0.4133178293418106,0.4135753008708896,0.4137120453913203,0.41373936718242604,0.41366679870858714,0.41350236914517213,0.41325283486692754,0.4129238764827387,0.41252026670835656,0.4120460129968409,0.411504478443132,0.41089848407493806,0.4102303952559857,0.4095021945703068,0.408715543232201,0.4078718327780217,0.40697222854158455,0.40601770619318983,0.40500908243023437,0.40394704074178456,0.40283215302786374,0.40166489773305153,0.40044567505092643,0.3991748196685413,0.3978526114458145,0.3964792843622262,0.39505503401016584,0.39358002386964586,0.3920543905615841,0.39047824824503735,0.3888516922972993,0.3871748023932893,0.38544764508185225,0.3836702759408908,0.38184274137985247,0.37996508014711344,0.3780373245903751
PD22,pathway,japan,Industrial,Oil products,Other kerosene,OTHKERO,Final consumption,CO2e,INONSPEC,Mt,0.0,0.0,0.0,0.0,0.0,0.0,0.0,0.0,0.0,0.0,0.0,0.0,0.0,0.0,0.0,0.0,0.0,0.0,0.0,0.0,0.0,0.0,0.0,0.0,0.0,0.0,0.0,0.0,0.0,0.0,0.0,0.0,0.0017943289293752829,0.00390692439045956,0.006377057154561355,0.009243825093470673,0.012459251412828193,0.01609232437235239,0.020159484270656863,0.024665939344376178,0.02960270819752768,0.03496040107106174,0.040684042438805065,0.04671193215798347,0.05296563443458467,0.05935340519483186,0.06584194460211079,0.07227410832519918,0.07855096754895108,0.08458316083074766,0.09029553489544087,0.0957249917123382,0.10074523339600933,0.10533295627139708,0.10948090740476255,0.11319532713188725,0.11659894218357808,0.11961366755162384,0.12226767589287257,0.12459185537327225,0.1266179773895943,0.12819485547938061,0.1296607759726239,0.13091765260814375,0.13199102471917107,0.13290383993261953,0.1336764693232294,0.13432681953499276,0.1348705043819379,0.13532104815486615,0.13569010091802863,0.1359876524386653,0.1362222362127057,0.13640111857655993,0.1365304703876131,0.13661552045436814,0.13666069100441927,0.13666971615825177,0.13664574475618493,0.13659142906001853,0.13650900088981155,0.13640033670998955,0.13626701308241412,0.1361103537812187,0.1359314697309788,0.13573129279626123,0.1355106043230407,0.1352700592144238,0.1350102062160819,0.1347315049914977,0.13443434048311187,0.13411903498218697,0.13378585826677714,0.1334350361124892,0.13306675743393961,0.13268118027479087,0.13227843683020524,0.13185863765670236,0.13142187519986204,0.13096822674966827,0.1304977569157727,0.1300105197002081,0.12950656023269522,0.12898591622317201,0.12844861917743342,0.12789469541433973,0.12732416691684081,0.1267370520438765,0.12613336612578893,0.12551312196225337,0.12487633023862278
PD22,pathway,japan,Industrial,Oil products,Other kerosene,OTHKERO,Final consumption,CO2e,IRONSTL,Mt,0.0,0.0,0.0,0.0,0.0,0.0,0.0,0.0,0.0,0.0,0.0,0.0,0.0,0.0,0.0,0.0,0.0,0.0,0.0,0.0,0.0,0.0,0.0,0.0,0.0,0.0,0.0,0.0,0.0,0.0,0.0,0.0,0.0031366768109401533,0.006829717192330859,0.011147770607319418,0.016159184272401594,0.02178008967502862,0.028131085592238092,0.03524091140541216,0.04311867166322647,0.051748665935259563,0.06111447992924374,0.07112001060894413,0.0816573995968341,0.09258953282636864,0.10375603194994068,0.11509868532998133,0.12634278804943436,0.13731540207262427,0.14786031414329343,0.15784614838516653,0.16733741334487057,0.17611332695618873,0.18413315192956115,0.19138420936944217,0.19787740804301382,0.2038272872603781,0.20909734616568404,0.21373683354380651,0.2177997451768318,0.22134162082777242,0.22409817056452247,0.22666075468305366,0.22885790802116562,0.23073427603544122,0.23232997360561525,0.23368061152562064,0.23481749250370215,0.23576791113874365,0.23655550932195385,0.23720065259823617,0.2377208041376566,0.23813088139395508,0.23844358669196475,0.23866970734327972,0.23881838385837792,0.23889734675897173,0.2389131236827442,0.2388712191357251,0.23877626955215314,0.23863217638962117,0.23844221990647718,0.23820915609965793,0.23793529906640537,0.2376225908204152,0.23727266035954236,0.2368868735592183,0.23646637525936284,0.2360121247254677,0.23552492549793344,0.23500545049687405,0.23445426312151504,0.23387183497243805,0.2332585607292913,0.2326147706348116,0.2319407409660422,0.23123670281411327,0.2305028494435183,0.22973934245891134,0.22894631697136197,0.228123885925377,0.22727214372222332,0.2263911692534275,0.22548102843995083,0.22454177635725628,0.22357345901349612,0.22257611483719258,0.2215497759217149,0.22049446906612308,0.21941021664560378,0.21829703733928446
PD22,pathway,japan,Industrial,Oil products,Other kerosene,OTHKERO,Final consumption,CO2e,MACHINE,Mt,0.0,0.0,0.0,0.0,0.0,0.0,0.0,0.0,0.0,0.0,0.0,0.0,0.0,0.0,0.0,0.0,0.0,0.0,0.0,0.0,0.0,0.0,0.0,0.0,0.0,0.0,0.0,0.0,0.0,0.0,0.0,0.0,0.007156990037076372,0.015583440962446793,0.025435991012502712,0.03687058878412064,0.04969587056821784,0.06418700792302806,0.08040957581167973,0.0983843481831933,0.11807550119250038,0.13944558216809344,0.16227531175340443,0.18631858830012765,0.21126255713200753,0.23674128120638055,0.26262193838847353,0.2882777314425464,0.3133140657472968,0.3373745077948811,0.3601592958010008,0.3818156196272018,0.4018397184005854,0.42013864139875035,0.4366834590460435,0.4514990619967285,0.46507496695829886,0.47709971842409477,0.48768568788915173,0.4969560781243409,0.5050376148188236,0.5113272647227652,0.5171743411386492,0.522187610116808,0.5264689396873973,0.5301098604134634,0.533191625835856,0.5357856596888472,0.5379542403594217,0.5397513118112188,0.5412233423324174,0.5424101778305527,0.5433458556241729,0.5440593587477943,0.5445753007291274,0.5449145375716334,0.5450947080918724,0.5451307064726623,0.5450350924060561,0.5448184448951368,0.5444896659386769,0.5440562401382891,0.5435244558825473,0.5428995932726234,0.5421860834225625,0.5413876432347174,0.5405073892421082,0.539547933638593,0.5385114651908124,0.5373998173457517,0.536214525512648,0.5349568752057221,0.5336279424812161,0.5322286278840321,0.530759684932661,0.5292217440114761,0.5276153324036553,0.5259408910829222,0.5241987887843969,0.5223893337924951,0.5205127838139421,0.5185693542451493,0.5165592250937813,0.5144825467724221,0.5123394449473624,0.5101300245959101,0.5078543734008476,0.5055125645899692,0.5031046593109852,0.5006307086176058,0.4980907551302016
PD22,pathway,japan,Industrial,Oil products,Other kerosene,OTHKERO,Final consumption,CO2e,MINING,Mt,0.0,0.0,0.0,0.0,0.0,0.0,0.0,0.0,0.0,0.0,0.0,0.0,0.0,0.0,0.0,0.0,0.0,0.0,0.0,0.0,0.0,0.0,0.0,0.0,0.0,0.0,0.0,0.0,0.0,0.0,0.0,0.0,0.00010166114217161504,0.00022135428427303393,0.0003613043870680406,0.0005237266153670398,0.0007059027519956658,0.0009117414589414627,0.0011421741928104882,0.0013974960362246117,0.001677198130992364,0.001980748482330588,0.002305032346509319,0.002646553983765413,0.0030008694639610473,0.0033627808508789854,0.0037304014784966763,0.0040948280337502144,0.004450455515139168,0.004792220978978008,0.005115866472522171,0.0054234827475211096,0.005707914155377448,0.0059678403817473,0.0062028504977781436,0.006413298061645797,0.006606136391342607,0.006776941431172171,0.006927309356967294,0.007058990196929857,0.0071737840203957,0.007263125068766855,0.007346179601988797,0.0074173903550697595,0.007478204307849411,0.0075299216020821395,0.007573696400024069,0.007610543236887161,0.0076413467432103225,0.0076668731635919736,0.0076877825547356365,0.007704640906037678,0.007717931699054194,0.007728066621991711,0.007735395296594429,0.007740213971022812,0.007742773195051106,0.0077432845324273605,0.007741926386730842,0.007738849026933691,0.007734178901075957,0.007728022323843657,0.007720468618368654,0.007711592785609896,0.007701457767126969,0.007690116359491699,0.0076776128313568,0.007663984287512107,0.007649261818194648,0.007633471466519427,0.0076166350421377005,0.007598770805078233,0.007579894040133387,0.0075600175390526,0.007539152005155289,0.0075173063927078555,0.007494488191480413,0.007470703665264332,0.007445958051740991,0.007420255729922472,0.0073936003603923325,0.007365995002739173,0.0073374422138737586,0.0073079441303248475,0.007277502537113598,0.007246118925385446,0.007213794540626522,0.007180530422997724,0.007146327441068945,0.007111186320030309,0.00707510766528095
PD22,pathway,japan,Industrial,Oil products,Other kerosene,OTHKERO,Final consumption,CO2e,NONFERR,Mt,0.0,0.0,0.0,0.0,0.0,0.0,0.0,0.0,0.0,0.0,0.0,0.0,0.0,0.0,0.0,0.0,0.0,0.0,0.0,0.0,0.0,0.0,0.0,0.0,0.0,0.0,0.0,0.0,0.0,0.0,0.0,0.0,0.0018354263517329217,0.003996408831782178,0.006523117671665746,0.009455546243281793,0.012744618888763354,0.016460903979257174,0.020621218363007593,0.025230889566427855,0.03028073048307818,0.0357611362902787,0.04161587229895601,0.04778182518239531,0.05417876264823798,0.06071283931068629,0.06734999263157922,0.07392947903607441,0.080350103837238,0.08652045885236365,0.09236366949097498,0.09791748292739937,0.10305270854151585,0.1077455089094319,0.11198846497575923,0.1157879600053216,0.119269531669667,0.12235330649665786,0.12506810241144198,0.12744551504445778,0.12951804348654142,0.13113103849101468,0.13263053451919318,0.13391619873601762,0.13501415542920908,0.13594787781956774,0.13673820356220767,0.13740344943601807,0.1379595868748033,0.13842044993056957,0.13879795550137045,0.1391023221607014,0.13934227885621797,0.1395252583529553,0.13965757284600314,0.13974457090482234,0.1397907760439855,0.13980000791050745,0.13977548746594395,0.13971992771966532,0.13963561160947716,0.13952445857846393,0.13938808129815913,0.13922783386250173,0.13904485264075367,0.1388400908409661,0.13861434770511105,0.13836829313623686,0.13810248844852022,0.13781740383360505,0.13751343305067787,0.13719090577278048,0.1368500979569805,0.13649124055006348,0.1361145267935581,0.1357201183509687,0.13530815044526395,0.13487873616515697,0.1344319700736068,0.13396793123085218,0.1334866857263682,0.1329882887990537,0.1324727866122832,0.13194021773970563,0.13139061440872646,0.13082400354101498,0.13024040762301975,0.12963984543417503,0.12902233265595,0.12838788238118456,0.12773650553996965
PD22,pathway,japan,Industrial,Oil products,Other kerosene,OTHKERO,Final consumption,CO2e,NONMET,Mt,0.0,0.0,0.0,0.0,0.0,0.0,0.0,0.0,0.0,0.0,0.0,0.0,0.0,0.0,0.0,0.0,0.0,0.0,0.0,0.0,0.0,0.0,0.0,0.0,0.0,0.0,0.0,0.0,0.0,0.0,0.0,0.0,0.0025264781791538293,0.005501086817753409,0.008979120541642072,0.013015630528065703,0.017543063764825784,0.022658558145617735,0.028385262188545562,0.03473050927379043,0.041681653280233044,0.04922547309720754,0.05728456125220954,0.0657720417762806,0.07457747431548542,0.08357167999037265,0.09270777146094683,0.10176448398733161,0.11060252232178068,0.11909606241323065,0.1271392858096435,0.13478415178041353,0.14185282846517805,0.14831250347064517,0.1541529644112671,0.15938299789908833,0.16417540748328333,0.1684202467286501,0.17215718372592168,0.17542971009805755,0.17828256108805027,0.1805028608445827,0.18256692840651126,0.18433665487167777,0.18584800051863606,0.18713327641238212,0.18822116574192016,0.18913688169116938,0.18990240905889771,0.19053679052175085,0.191056429779538,0.1914753927755392,0.19180569497186106,0.19205756762548343,0.19223969952042738,0.19235945300278748,0.19242305472439847,0.19243576245810767,0.19240200988172435,0.19232553147305392,0.19220946971315797,0.19205646672988028,0.19186874237771698,0.19164816057716066,0.19139628554904808,0.19111442939143153,0.19080369226689745,0.1904649963020309,0.1900991141500182,0.18970669303319398,0.18928827496404033,0.18884431373997906,0.1883751892179895,0.18788121929805918,0.18736266997860576,0.18681976379065912,0.1862526868696527,0.1856615948830508,0.1850466179974778,0.18440786503994702,0.18374542698311802,0.1830593798637506,0.1823497872260771,0.1816167021670152,0.1808601690478312,0.18008022492640516,0.17927690075550282,0.17845022238515662,0.17760021140102683,0.17672688582550614,0.17583026070394686
PD22,pathway,japan,Industrial,Oil products,Other kerosene,OTHKERO,Final consumption,CO2e,PAPERPRO,Mt,0.0,0.0,0.0,0.0,0.0,0.0,0.0,0.0,0.0,0.0,0.0,0.0,0.0,0.0,0.0,0.0,0.0,0.0,0.0,0.0,0.0,0.0,0.0,0.0,0.0,0.0,0.0,0.0,0.0,0.0,0.0,0.0,0.0008276817666657971,0.0018021724048394513,0.0029415865984247433,0.004263959276840756,0.005747159872350381,0.0074230110478712835,0.009299096326791108,0.01137781814627084,0.013655033599415056,0.016126411411042596,0.018766592662907394,0.021547116529160408,0.024431802421340354,0.027378330954287933,0.030371341695951164,0.03333834765938006,0.03623371530707011,0.03901622430562103,0.041651208215381263,0.04415568904756063,0.046471408555731786,0.04858761730224968,0.050500969679231435,0.052214344206919214,0.05378435184203803,0.05517497380537287,0.056399205481443164,0.05747129485529914,0.0584058973256131,0.05913327413028032,0.059809468803272425,0.06038923645742838,0.06088435778696866,0.06130541799289727,0.0616618137732521,0.06196180504208328,0.062212594084862426,0.06242041933910236,0.06259065470565449,0.06272790822937736,0.06283611621139797,0.06291863044193638,0.06297829739248328,0.06301752898951904,0.06303836510270629,0.0630425281940694,0.06303147074964698,0.0630064161954765,0.06296839401770128,0.06291826978526209,0.062856770729095,0.06278450747509773,0.06270199246666924,0.06260965555103445,0.06250785714472913,0.06239689933916548,0.06227703525782567,0.06214847693267171,0.062011401928604985,0.06186595891101076,0.061712272322165335,0.06155044630705024,0.06138056800753835,0.061202710325456974,0.06101693423932779,0.060823290746275134,0.060621822489272344,0.06041256512037272,0.0601955484424901,0.05997079736549319,0.05973833270666152,0.059498171860703275,0.059250329360501224,0.05899481734632712,0.058731645958399095,0.058460823665264665,0.05818235753845035,0.05789625348214558,0.05760251642525255
PD22,pathway,japan,Industrial,Oil products,Other kerosene,OTHKERO,Final consumption,CO2e,TEXTILES,Mt,0.0,0.0,0.0,0.0,0.0,0.0,0.0,0.0,0.0,0.0,0.0,0.0,0.0,0.0,0.0,0.0,0.0,0.0,0.0,0.0,0.0,0.0,0.0,0.0,0.0,0.0,0.0,0.0,0.0,0.0,0.0,0.0,0.0015328908068397568,0.0033376759317136906,0.005447904298306286,0.007896977122666904,0.010643907946955564,0.013747633272373869,0.017222198005735725,0.021072051530833774,0.025289521063091472,0.029866584954365144,0.03475627774737844,0.03990588916137351,0.04524841168975548,0.050705468595142356,0.05624861190872554,0.06174359361346976,0.06710589906504974,0.0722591870020424,0.07713925416567376,0.08177762581788425,0.08606640598468039,0.08998568639357336,0.09352927088104537,0.09670249055066087,0.09961019054777057,0.1021856630412297,0.10445297586273826,0.10643851669676509,0.10816942776970705,0.10951655085721262,0.11076888314192533,0.11184262977130775,0.11275960893514748,0.113539424734877,0.11419948012972171,0.1147550727217586,0.1152195413540458,0.11560443979506967,0.11591972066616818,0.11617391820101144,0.1163743225442583,0.1165271413092956,0.11663764624446407,0.11671030430805295,0.11674889339825804,0.11675660356505838,0.11673612485502156,0.11668972308890303,0.11661930490510948,0.11652647336260072,0.11641257531431146,0.11627874165723939,0.11612592145152695,0.11595491078678956,0.11576637716497866,0.11556088006821305,0.11533888828857503,0.11510079451545122,0.1148469276042254,0.11457756288753317,0.11429293083610509,0.11399322432948875,0.11367860475697797,0.11334920713488629,0.11300514439721686,0.11264651099213352,0.11227338589566838,0.11188583513646548,0.1114839139103918,0.11106766835125163,0.11063713701325481,0.11019235211190888,0.10973334056253727,0.1092601248492778,0.1087727237521107,0.10827115295503326,0.10775542555471912,0.10722555248589963,0.10668154287704558
PD22,pathway,japan,Industrial,Oil products,Other kerosene,OTHKERO,Final consumption,CO2e,TRANSEQ,Mt,0.0,0.0,0.0,0.0,0.0,0.0,0.0,0.0,0.0,0.0,0.0,0.0,0.0,0.0,0.0,0.0,0.0,0.0,0.0,0.0,0.0,0.0,0.0,0.0,0.0,0.0,0.0,0.0,0.0,0.0,0.0,0.0,0.0018224186784633334,0.003968086267770621,0.006476888312862139,0.009388534752462943,0.012654297728073041,0.016344245492534673,0.02047507571302712,0.02505207815976443,0.030066130835363844,0.03550769698655891,0.04132094045972341,0.047443195212519926,0.05379479755913924,0.06028256719637613,0.06687268298740212,0.0734055405476779,0.07978066235738603,0.08590728804394551,0.09170908782738388,0.09722354136766595,0.10232237361906818,0.10698191609360838,0.11119480231477095,0.11496737030915857,0.11842426806238157,0.12148618816589173,0.12418174431209578,0.12654230821308377,0.12860014863851607,0.13020171234149155,0.1316905814358325,0.13296713414564876,0.13405730961573875,0.134984414712101,0.1357691394133114,0.13642967068718034,0.13698186677790228,0.13743946369550628,0.13781429388294583,0.13811650349464857,0.13835475961618615,0.13853644233656065,0.1386678191163122,0.13875420061957028,0.13880007830274313,0.1388092447429933,0.13878489807491012,0.13872973208075662,0.13864601351914985,0.13853564823007403,0.13840023745605365,0.13824112569455904,0.13805944126139894,0.13785613060923557,0.13763198731581017,0.13738767653656578,0.13712375560764345,0.13684069138843713,0.13653887484756064,0.13621863332166165,0.1358802408120991,0.13552392662893778,0.13514988264420294,0.13475826937568908,0.13434922108803923,0.13392285006850635,0.1334792502098815,0.13301850001210316,0.13254066509627008,0.13204580030980276,0.13153395148891592,0.13100515693388665,0.13045944864372486,0.12989685334930573,0.12931739337771642,0.1287210873753012,0.12810795091239455,0.12747799698904752,0.12683123645788932
PD22,pathway,japan,Industrial,Oil products,Other kerosene,OTHKERO,Final consumption,CO2e,WOODPRO,Mt,0.0,0.0,0.0,0.0,0.0,0.0,0.0,0.0,0.0,0.0,0.0,0.0,0.0,0.0,0.0,0.0,0.0,0.0,0.0,0.0,0.0,0.0,0.0,0.0,0.0,0.0,0.0,0.0,0.0,0.0,0.0,0.0,0.001023352407168443,0.0022282204863039723,0.003637001378584054,0.00527199361609848,0.00710583478653147,0.009177870686795375,0.011497477646327539,0.014067626057796781,0.01688319359772701,0.019938825042575437,0.023203166421437528,0.026641028539847914,0.03020767742662854,0.03385078905288712,0.03755137165663417,0.04121980174298171,0.04479965763836672,0.048239974190349796,0.051497889533544804,0.05459444981980377,0.057457624083700254,0.06007412163389267,0.0624398059338301,0.0645582360091399,0.06649940610298397,0.06821878230644046,0.06973243221766809,0.07105797216021731,0.07221352218712462,0.0731128567308506,0.07394890927446107,0.07466573867481012,0.07527791067718079,0.0757985129094079,0.07623916352467998,0.07661007514730107,0.0769201527410765,0.07717710956042699,0.07738758993967723,0.07755729130262978,0.0776910805237234,0.07779310178340065,0.07786687448195428,0.07791538074472401,0.07794114268300145,0.07794628996271606,0.07793261844931254,0.07790164079660408,0.07785462986955563,0.07779265586458177,0.07771661793587313,0.07762727106621109,0.07752524884474431,0.07741108273804603,0.077285218368026,0.077148029242941,0.07699982832670448,0.07684087777734319,0.07667139713753233,0.07649157021835241,0.07630155088123686,0.07610146789188017,0.07589142899319634,0.0756715243215922,0.07544182927140343,0.07520240689588557,0.07495330991915455,0.07469458242169642,0.07442626125207406,0.07414837720904988,0.07386095603127608,0.07356401922571006,0.0732575847609252,0.07294166764725137,0.07261628042213596,0.07228143355615939,0.07193713579261402,0.07158339443148728,0.07122021556691356
PD22,pathway,japan,Industrial,Oil products,Other oil products,ONONSPEC,Energy industry own use and Losses,CO2e,EREFINER,Mt,0.0,0.0,0.0,0.0,0.0,0.0,0.0,0.0,0.0,0.0,0.0,0.0,0.0,0.0,0.0,0.0,0.0,0.0,0.0,0.0,0.0,0.0,0.0,0.0,0.0,0.0,0.0,0.0,0.0,0.0,0.0,0.0,0.004986216416650757,0.010856855850340463,0.017721046879105695,0.025687437614774544,0.03462270652653088,0.04471856338816932,0.05602069374011681,0.06854357062273075,0.08226223585618098,0.09715059647058072,0.11305588233185265,0.12980663643466528,0.14718489548513514,0.1649357141389013,0.1829665563011154,0.20084073746466374,0.21828334678455855,0.23504605995141206,0.2509200353820712,0.2660078190491027,0.27995844487298166,0.2927071548457221,0.304233793968602,0.31455570335684857,0.3240139252964622,0.33239147128357244,0.3397666296196029,0.3462252346672554,0.35185557517758764,0.35623752281808363,0.3603111331295774,0.36380383661952004,0.36678660391126905,0.36932320359940424,0.37147024436120435,0.37327748652811066,0.37478831894291553,0.37604032392383985,0.37706587554716015,0.37789273413072805,0.3785446131959601,0.37904170498593076,0.3794011575440642,0.3796375010773754,0.3797630244050814,0.3797881041825211,0.37972149064441274,0.3795705540956715,0.37934149648602594,0.3790395322761977,0.37866904253506917,0.37823370586593696,0.3777366093897108,0.37718034264185696,0.37656707688543806,0.3758986320145479,0.37517653292500175,0.37440205696431694,0.3735762738395499,0.3727000791579429,0.37177422259907844,0.370799331565223,0.369775931026546,0.3687044601666839,0.36758528633951343,0.36641871676782123,0.36520500834634906,0.3639443758543277,0.36263699883392486,0.3612830273500581,0.3598825868125953,0.35843578201275317,0.3569427005012087,0.35540341541479353,0.35381798784138485,0.3521864687981882,0.350508900886313,0.3487853196744614,0.34701575485589736
PD22,pathway,japan,Industrial,Oil products,Other oil products,ONONSPEC,Final consumption,CO2e,CHEMICAL,Mt,0.0,0.0,0.0,0.0,0.0,0.0,0.0,0.0,0.0,0.0,0.0,0.0,0.0,0.0,0.0,0.0,0.0,0.0,0.0,0.0,0.0,0.0,0.0,0.0,0.0,0.0,0.0,0.0,0.0,0.0,0.0,0.0,0.019763921662747874,0.04303344070933868,0.07024111130254096,0.10181758317584899,0.13723440828954026,0.1772514688137128,0.22204984903486125,0.2716869159045865,0.32606374240693303,0.38507690354593205,0.4481208626360462,0.5145160136315804,0.5833984129918405,0.6537575310098915,0.7252265813337712,0.7960746727087172,0.8652121379501223,0.9316546912212725,0.9945745448081054,1.054378161326618,1.1096744126102016,1.160206616619825,1.205894884762102,1.2468079522090043,1.284297612075988,1.3175037846084123,1.3467367820204215,1.3723368269334677,1.394653870455527,1.4120226452258762,1.42816925988385,1.4420133276896354,1.4538361556951496,1.463890504190462,1.472400753621522,1.4795641395694477,1.4855526428746848,1.4905152289914303,1.4945802194071536,1.4978576480035601,1.5004415083301614,1.5024118366062,1.5038366027227894,1.5047734002236481,1.505270938438665,1.5053703474324227,1.505106310607937,1.5045080417250607,1.5036001235211551,1.5024032246123817,1.5009347102903674,1.4992091614760559,1.497238814625054,1.4950339339079912,1.4926031255845025,1.4899536031891203,1.487091410968407,1.4840216119589735,1.4807484461706188,1.4772754635317649,1.47360563555574,1.4697414490839107,1.465684984946397,1.4614379839402805,1.4570019021502223,1.4523779573186109,1.4475671677020006,1.442570384623227,1.4373883197355835,1.4320215678530581,1.4264706260641453,1.4207359097309595,1.4148177658790957,1.4087164844018307,1.4024323074338652,1.3959654371926655,1.3893160425367248,1.3824842644501054,1.3754702206283278
PD22,pathway,japan,Industrial,Oil products,Other oil products,ONONSPEC,Final consumption,CO2e,IRONSTL,Mt,0.0,0.0,0.0,0.0,0.0,0.0,0.0,0.0,0.0,0.0,0.0,0.0,0.0,0.0,0.0,0.0,0.0,0.0,0.0,0.0,0.0,0.0,0.0,0.0,0.0,0.0,0.0,0.0,0.0,0.0,0.0,0.0,8.830038637535671e-07,1.9226292769910293e-06,3.138201705757263e-06,4.548961530837439e-06,6.131298981416345e-06,7.919163741349415e-06,9.920646215333069e-06,1.2138309418986314e-05,1.4567733534278693e-05,1.7204297784392366e-05,2.0020948265648765e-05,2.2987321835832563e-05,2.606481960260265e-05,2.920829356087752e-05,3.240135659015133e-05,3.556667668659545e-05,3.8655570175449744e-05,4.162406156380919e-05,4.443516731357047e-05,4.710704718404256e-05,4.957754895831967e-05,5.183520470832114e-05,5.387644520634839e-05,5.570434137240728e-05,5.737928802916057e-05,5.8862858908813694e-05,6.016891800499779e-05,6.131266563546386e-05,6.230973676303658e-05,6.308573129957593e-05,6.380712270017048e-05,6.442564191772111e-05,6.495385706588373e-05,6.540306085855102e-05,6.578327806732981e-05,6.610332069740652e-05,6.637087243368934e-05,6.659258868970727e-05,6.677420255685644e-05,6.692063008086645e-05,6.703607066450775e-05,6.712410013104243e-05,6.718775520959219e-05,6.722960903935979e-05,6.725183783452108e-05,6.72562791861454e-05,6.724448266417105e-05,6.721775346820691e-05,6.717718989506081e-05,6.712371536814233e-05,6.705810572636964e-05,6.698101240976315e-05,6.689298211334435e-05,6.679447341524766e-05,6.668587082218384e-05,6.656749661729952e-05,6.643962084280388e-05,6.630246970283623e-05,6.615623263070336e-05,6.600106822855758e-05,6.583710925637398e-05,6.566446682016554e-05,6.548323388635193e-05,6.529348822950515e-05,6.509529490394005e-05,6.48887083154194e-05,6.467377395716504e-05,6.445052986420691e-05,6.421900783148018e-05,6.397923443382457e-05,6.373123187994278e-05,6.347501872720204e-05,6.321061047986038e-05,6.293802008964307e-05,6.265725837453853e-05,6.236833436913047e-05,6.207125561760492e-05,6.176602841878626e-05,6.145265803102359e-05
PD22,pathway,japan,Industrial,Oil products,Other oil products,ONONSPEC,Final consumption,CO2e,MACHINE,Mt,0.0,0.0,0.0,0.0,0.0,0.0,0.0,0.0,0.0,0.0,0.0,0.0,0.0,0.0,0.0,0.0,0.0,0.0,0.0,0.0,0.0,0.0,0.0,0.0,0.0,0.0,0.0,0.0,0.0,0.0,0.0,0.0,3.8816849850606896e-07,8.451878301652528e-07,1.3795534698508878e-06,1.9997234889561386e-06,2.695319032230623e-06,3.4812643806972047e-06,4.361116076260414e-06,5.336000820586384e-06,6.403975661668921e-06,7.563009306018885e-06,8.801208857579204e-06,1.0105226679031996e-05,1.145809469730413e-05,1.283996584936176e-05,1.4243636357030522e-05,1.5635111071427357e-05,1.699298864912771e-05,1.8297937463450527e-05,1.953369955104558e-05,2.0708257942105113e-05,2.1794290522077327e-05,2.2786755989777976e-05,2.368408531271076e-05,2.4487628467310248e-05,2.5223935017618997e-05,2.587611277631451e-05,2.645025635499704e-05,2.6953047813349923e-05,2.7391360281030886e-05,2.7732487479293583e-05,2.8049611138994952e-05,2.8321512187030207e-05,2.85537155661625e-05,2.8751185553419038e-05,2.8918329038398192e-05,2.9059019778579918e-05,2.9176635521849843e-05,2.9274101987995314e-05,2.9353939443994092e-05,2.9418308983548886e-05,2.9469056664117597e-05,2.950775441760625e-05,2.9535737190136725e-05,2.9554136133702562e-05,2.9563907912055464e-05,2.9565860330229515e-05,2.9560674579169588e-05,2.9548924424623756e-05,2.9531092677868725e-05,2.9507585275835362e-05,2.947874327731209e-05,2.9444853055331873e-05,2.940615493702617e-05,2.9362850513342867e-05,2.931510881343201e-05,2.9263071512964855e-05,2.9206857322496565e-05,2.91465656813668e-05,2.9082279864457195e-05,2.90140695932739e-05,2.8941993229101995e-05,2.886609961414477e-05,2.8786429616440308e-05,2.8703017425690464e-05,2.8615891639772042e-05,2.852507617545837e-05,2.8430591031569742e-05,2.8332452928305358e-05,2.823067584271869e-05,2.812527145710928e-05,2.8016249534422846e-05,2.7903618232478012e-05,2.7787384366946623e-05,2.766755363140709e-05,2.7544130781447137e-05,2.7417119788669752e-05,2.728652396949912e-05,2.7152346092898433e-05,2.7014588470437966e-05
PD22,pathway,japan,Industrial,Oil products,Other oil products,ONONSPEC,Final consumption,CO2e,NONFERR,Mt,0.0,0.0,0.0,0.0,0.0,0.0,0.0,0.0,0.0,0.0,0.0,0.0,0.0,0.0,0.0,0.0,0.0,0.0,0.0,0.0,0.0,0.0,0.0,0.0,0.0,0.0,0.0,0.0,0.0,0.0,0.0,0.0,0.0013876578787644644,0.003021449592325226,0.004931745489350964,0.007148782205357043,0.009635456522755825,0.012445121035139922,0.015590489972061722,0.01907559116280161,0.02289347877669627,0.02703689117240919,0.03146331261005306,0.03612502681651883,0.04096137487595428,0.04590140581347281,0.05091936694801196,0.0558937295198478,0.060747986179894714,0.06541302857913281,0.06983073636255534,0.0740296479478477,0.07791208990795895,0.08146004016913895,0.08466788962010255,0.08754046427182896,0.09017267577187123,0.09250413648723535,0.09455663395564695,0.09635405577437794,0.09792097259395256,0.09914046321761705,0.10027414394292285,0.10124615901628033,0.10207625947463478,0.10278219203920577,0.10337971083505891,0.10388266410106005,0.10430312689864252,0.1046515583406133,0.10493696809247,0.10516708181643118,0.10534849895625893,0.10548683898829574,0.10558687419187622,0.1056526483056911,0.10568758129297144,0.10569456096409956,0.10567602249860503,0.10563401704325516,0.10557027059301001,0.10548623432585688,0.10538312748786212,0.10526197382978601,0.10512363249357007,0.10496882414374067,0.10479815304013003,0.10461212565701988,0.10441116637103477,0.10419563066641331,0.10396581624130992,0.1037219723421155,0.10346430760373317,0.10319299663143985,0.10290818552378625,0.10260999650503667,0.10229853180932191,0.1019738769363646,0.10163610337965444,0.10128527091198652,0.10092142949972464,0.10054462090575025,0.10015488003147496,0.09975223604016509,0.09933671329706603,0.09890833215606787,0.09846710961785148,0.0980130598804422,0.09754619479967627,0.09706652427427964,0.09657405656785101
PD22,pathway,japan,Industrial,Oil products,Other oil products,ONONSPEC,Final consumption,CO2e,NONMET,Mt,0.0,0.0,0.0,0.0,0.0,0.0,0.0,0.0,0.0,0.0,0.0,0.0,0.0,0.0,0.0,0.0,0.0,0.0,0.0,0.0,0.0,0.0,0.0,0.0,0.0,0.0,0.0,0.0,0.0,0.0,0.0,0.0,0.007954029135687324,0.017318892831685195,0.02826867336134664,0.04097668655671882,0.05523025746510879,0.07133520216005629,0.08936439836873378,0.10934093353361551,0.13122499428260664,0.15497495702271125,0.1803471223241459,0.20706798139748678,0.23478983846597795,0.26310600386202265,0.29186886369704795,0.320381817382061,0.34820632621596426,0.3749462624283356,0.4002684812259415,0.4243365642878324,0.4465906493479306,0.466927434214905,0.4853147675672593,0.5017803120101103,0.5168680993408526,0.5302319887710255,0.5419968660613892,0.5522996544749396,0.5612811925232025,0.56827129008238,0.5747695269011543,0.5803410992116842,0.5850992195901579,0.5891456119123256,0.5925705785298672,0.5954534972902347,0.5978635822208384,0.5998607847616351,0.6014967481475808,0.6028157557307311,0.6038556353999098,0.6046485978889294,0.60522199781412,0.6055990138103995,0.6057992490433604,0.6058392563883696,0.6057329942491702,0.6054922197608589,0.6051268262944246,0.6046451319750831,0.6040541254985954,0.6033596749852669,0.6025667050207167,0.6016793464405982,0.6007010628510239,0.5996347573531504,0.5984828624658923,0.5972474158182888,0.595930123810621,0.5945324151185628,0.5930554856334961,0.5915003361896187,0.5898678042211042,0.5881585903151607,0.5863732804759236,0.5845123647862115,0.582576253045377,0.5805652878699691,0.5784797556662552,0.5763198958182945,0.5740859083803288,0.5717779605156579,0.569396191885415,0.5669407191577192,0.5644116397801567,0.561809035135545,0.5591329731813164,0.556383510656784,0.5535606949287413
PD22,pathway,japan,Industrial,Oil products,Other oil products,ONONSPEC,Final consumption,CO2e,PAPERPRO,Mt,0.0,0.0,0.0,0.0,0.0,0.0,0.0,0.0,0.0,0.0,0.0,0.0,0.0,0.0,0.0,0.0,0.0,0.0,0.0,0.0,0.0,0.0,0.0,0.0,0.0,0.0,0.0,0.0,0.0,0.0,0.0,0.0,0.0008578575031208194,0.0018678762559150089,0.003048831369940351,0.004419415294569941,0.005956690622763779,0.007693640212490527,0.009638124068283557,0.01179263221569054,0.01415287070514281,0.016714350351228882,0.019450787696749974,0.022332684287127348,0.02532254045699582,0.02837649393519214,0.031478624276905676,0.03455380175457924,0.03755472911687926,0.04043868321378273,0.04316973373178116,0.04576552327292596,0.048165669603574865,0.05035903138159663,0.05234214102447297,0.0541179819979356,0.055745229188808545,0.057186550640236734,0.05845541552426787,0.05956659128096402,0.060535267617551486,0.061289163226480356,0.06199001069849049,0.0625909156020599,0.0631040881335901,0.06354049941080905,0.0639098887178728,0.06422081710992168,0.06448074945434829,0.06469615163048405,0.06487259346160176,0.06501485099329751,0.06512700403690976,0.06521252658269058,0.06527436887918238,0.06531503078721511,0.06533662654630204,0.06534094141622654,0.06532948083796426,0.06530351284138865,0.0652641044457913,0.0652121527771453,0.06514841157987296,0.06507351374215545,0.06498799039012414,0.06489228704243359,0.06478677725573555,0.06467177413513275,0.06454754003251832,0.06441429471014493,0.06427222220659969,0.06412147660733106,0.06396218689154912,0.06379446100116752,0.06361838925508964,0.06343404721300769,0.06324149807660667,0.06304079470227124,0.06283198128765811,0.06261509478462807,0.06239016608265374,0.062157220999771244,0.06191628111221942,0.06166736444888504,0.061410486072492845,0.06114565856592621,0.060872892439096764,0.06059219646929951,0.06030357798587566,0.060007043108270396,0.0597025969450845
PD22,pathway,japan,Industrial,Oil products,Other oil products,ONONSPEC,Final consumption,CO2e,TRANSEQ,Mt,0.0,0.0,0.0,0.0,0.0,0.0,0.0,0.0,0.0,0.0,0.0,0.0,0.0,0.0,0.0,0.0,0.0,0.0,0.0,0.0,0.0,0.0,0.0,0.0,0.0,0.0,0.0,0.0,0.0,0.0,0.0,0.0,8.830038637535671e-07,1.9226292769910293e-06,3.138201705757263e-06,4.548961530837439e-06,6.131298981416345e-06,7.919163741349415e-06,9.920646215333069e-06,1.2138309418986314e-05,1.4567733534278693e-05,1.7204297784392366e-05,2.0020948265648765e-05,2.2987321835832563e-05,2.606481960260265e-05,2.920829356087752e-05,3.240135659015133e-05,3.556667668659545e-05,3.8655570175449744e-05,4.162406156380919e-05,4.443516731357047e-05,4.710704718404256e-05,4.957754895831967e-05,5.183520470832114e-05,5.387644520634839e-05,5.570434137240728e-05,5.737928802916057e-05,5.8862858908813694e-05,6.016891800499779e-05,6.131266563546386e-05,6.230973676303658e-05,6.308573129957593e-05,6.380712270017048e-05,6.442564191772111e-05,6.495385706588373e-05,6.540306085855102e-05,6.578327806732981e-05,6.610332069740652e-05,6.637087243368934e-05,6.659258868970727e-05,6.677420255685644e-05,6.692063008086645e-05,6.703607066450775e-05,6.712410013104243e-05,6.718775520959219e-05,6.722960903935979e-05,6.725183783452108e-05,6.72562791861454e-05,6.724448266417105e-05,6.721775346820691e-05,6.717718989506081e-05,6.712371536814233e-05,6.705810572636964e-05,6.698101240976315e-05,6.689298211334435e-05,6.679447341524766e-05,6.668587082218384e-05,6.656749661729952e-05,6.643962084280388e-05,6.630246970283623e-05,6.615623263070336e-05,6.600106822855758e-05,6.583710925637398e-05,6.566446682016554e-05,6.548323388635193e-05,6.529348822950515e-05,6.509529490394005e-05,6.48887083154194e-05,6.467377395716504e-05,6.445052986420691e-05,6.421900783148018e-05,6.397923443382457e-05,6.373123187994278e-05,6.347501872720204e-05,6.321061047986038e-05,6.293802008964307e-05,6.265725837453853e-05,6.236833436913047e-05,6.207125561760492e-05,6.176602841878626e-05,6.145265803102359e-05
PD22,pathway,japan,Industrial,Oil products,Paraffin waxes,PARWAX,Energy industry own use and Losses,CO2e,EREFINER,Mt,0.0,0.0,0.0,0.0,0.0,0.0,0.0,0.0,0.0,0.0,0.0,0.0,0.0,0.0,0.0,0.0,0.0,0.0,0.0,0.0,0.0,0.0,0.0,0.0,0.0,0.0,0.0,0.0,0.0,0.0,0.0,0.0,0.0,0.0,0.0,0.0,0.0,0.0,0.0,0.0,0.0,0.0,0.0,0.0,0.0,0.0,0.0,0.0,0.0,0.0,0.0,0.0,0.0,0.0,0.0,0.0,0.0,0.0,0.0,0.0,0.0,0.0,0.0,0.0,0.0,0.0,0.0,0.0,0.0,0.0,0.0,0.0,0.0,0.0,0.0,0.0,0.0,0.0,0.0,0.0,0.0,0.0,0.0,0.0,0.0,0.0,0.0,0.0,0.0,0.0,0.0,0.0,0.0,0.0,0.0,0.0,0.0,0.0,0.0,0.0,0.0,0.0,0.0,0.0,0.0,0.0,0.0,0.0,0.0,0.0,0.0
PD22,pathway,japan,Industrial,Oil products,Petroleum coke,PETCOKE,Energy industry own use and Losses,CO2e,EREFINER,Mt,0.0,0.0,0.0,0.0,0.0,0.0,0.0,0.0,0.0,0.0,0.0,0.0,0.0,0.0,0.0,0.0,0.0,0.0,0.0,0.0,0.0,0.0,0.0,0.0,0.0,0.0,0.0,0.0,0.0,0.0,0.0,0.0,0.00678287822611634,0.014558874761040341,0.023428878437242284,0.03349889707675935,0.04397179092948911,0.05539896434995928,0.06783297160927093,0.08132068055613184,0.09590126300487656,0.11221933187871758,0.12986101351677892,0.14884875616417537,0.1691898902721174,0.19087513669886869,0.21377749948510383,0.2379300622775261,0.2632666875006885,0.2897018550021604,0.3171306163752833,0.3456222093223632,0.37487085949750654,0.4047176538264019,0.4349885509991531,0.46549733654121195,0.49677415390202395,0.5279744149469465,0.5588970437092535,0.589345554576749,0.6191329062073201,0.6465975158878019,0.6740373663668713,0.7003256806489715,0.7253533817035378,0.7490349586041163,0.7713084256330538,0.79213446447436,0.8114948971683473,0.8293906569455436,0.8458394265757052,0.860873102858628,0.8745352254333381,0.8868784822612085,0.8979623764999186,0.9078511127901423,0.9166117371108518,0.9243125443915478,0.9310217523970599,0.9368064289225577,0.9417316516313661,0.9458598753406875,0.9492504795572146,0.951959468953112,0.9540393006886818,0.955538814559122,0.9565032444942184,0.9569742926896333,0.9569902503950972,0.9565861519936886,0.9557939513956017,0.9546427118962215,0.9531588024981921,0.9513660952745829,0.9492861596727298,0.9469384507493724,0.9443404892145533,0.9415080318717728,0.9384552316019924,0.9351947864732475,0.9317380778882542,0.9280952979282807,0.9242755662293963,0.920287036850773,0.9161369956756321,0.9118319489334411,0.9073777034545628,0.9027794392723701,0.8980417751777053,0.8931688278105564,0.8881642648470333
PD22,pathway,japan,Industrial,Oil products,Petroleum coke,PETCOKE,Final consumption,CO2e,CHEMICAL,Mt,0.0,0.0,0.0,0.0,0.0,0.0,0.0,0.0,0.0,0.0,0.0,0.0,0.0,0.0,0.0,0.0,0.0,0.0,0.0,0.0,0.0,0.0,0.0,0.0,0.0,0.0,0.0,0.0,0.0,0.0,0.0,0.0,0.013783316106863897,0.029584722930601437,0.04760923412813467,0.0680722655262298,0.08935396950404995,0.11257484097065684,0.1378416741374764,0.1652497079801254,0.19487854255649184,0.22803807956184818,0.2638872967478221,0.30247181062825157,0.3438065172285216,0.38787256063828135,0.4344118755652868,0.48349169045523377,0.5349776088058484,0.5886958472680632,0.6444331428264365,0.7023301916729923,0.7617656374562953,0.8224165569181456,0.8839292850936151,0.9459254202363057,1.0094822535052346,1.072883518611695,1.1357206141451233,1.1975942666388484,1.2581243940897062,1.3139345360911003,1.3696943655425353,1.4231141872742077,1.473972348597958,1.5220950849125938,1.5673564366015569,1.60967650590463,1.6490183538475027,1.6853838768244394,1.7188090075467573,1.7493585626984254,1.7771210180839432,1.8022034395833715,1.8247267420656366,1.844821394164914,1.8626236383274128,1.8782722549602737,1.8919058676662508,1.9036607632236993,1.9136691843141485,1.9220580437995425,1.9289480052807495,1.9344528744423437,1.9386792481593398,1.941726372550181,1.9436861663449707,1.9446433715257998,1.9446757987773906,1.9438546405877228,1.942244829693369,1.939905424885308,1.9368900099500623,1.9332470947264153,1.9290205099453592,1.924249789737978,1.9189705374981232,1.9132147722295632,1.9070112536454482,1.9003857851702004,1.8933614946657917,1.8859590932040138,1.8781971125677674,1.870092122415444,1.8616589282069407,1.852910751087385,1.8438593909705898,1.8345153740719813,1.8248880861201686,1.8149858924356477,1.8048162460107198
PD22,pathway,japan,Industrial,Oil products,Petroleum coke,PETCOKE,Final consumption,CO2e,INONSPEC,Mt,0.0,0.0,0.0,0.0,0.0,0.0,0.0,0.0,0.0,0.0,0.0,0.0,0.0,0.0,0.0,0.0,0.0,0.0,0.0,0.0,0.0,0.0,0.0,0.0,0.0,0.0,0.0,0.0,0.0,0.0,0.0,0.0,5.872811550402754e-07,1.26054935688359e-06,2.028539851555049e-06,2.9004311019569917e-06,3.80720444999735e-06,4.7966020746487625e-06,5.873174276241851e-06,7.040979008259715e-06,8.303407879338206e-06,9.716273335090821e-06,1.1243741000566774e-05,1.2887754509556965e-05,1.4648948553664298e-05,1.652651971804117e-05,1.8509472326340144e-05,2.060067085608852e-05,2.2794388925298392e-05,2.5083221952577537e-05,2.745808320226201e-05,2.9924967474262162e-05,3.2457399944019544e-05,3.504162145933925e-05,3.766256302176766e-05,4.03041016451546e-05,4.3012138678005596e-05,4.571354724427907e-05,4.839091760697944e-05,5.102723747524251e-05,5.36063122703401e-05,5.598427736984315e-05,5.836009874629552e-05,6.0636216798394694e-05,6.280318732231406e-05,6.48536065354731e-05,6.678210753570347e-05,6.858528602983355e-05,7.026156811769797e-05,7.181103460108681e-05,7.32352165051933e-05,7.453687554691723e-05,7.57197815137507e-05,7.678849628131346e-05,7.774817180457301e-05,7.860436710645103e-05,7.93628872211319e-05,8.002964532053822e-05,8.061054789545275e-05,8.111140186896923e-05,8.153784185282777e-05,8.189527536518836e-05,8.218884365495947e-05,8.242339576814481e-05,8.260347359694203e-05,8.273330583164741e-05,8.281680895633242e-05,8.285759366734461e-05,8.28589753314972e-05,8.282398732669779e-05,8.275539631462911e-05,8.265571867920865e-05,8.252723752471965e-05,8.23720197640828e-05,8.219193294224332e-05,8.198866153411173e-05,8.176372253328399e-05,8.151848020924143e-05,8.125415995922708e-05,8.097186121858593e-05,8.067256942198313e-05,8.035716702920338e-05,8.002644364463376e-05,7.968110527022937e-05,7.932178273876811e-05,7.894903937835781e-05,7.856337796111514e-05,7.816524698926592e-05,7.77550463710395e-05,7.733313253699616e-05,7.689982304510917e-05
PD22,pathway,japan,Industrial,Oil products,Petroleum coke,PETCOKE,Final consumption,CO2e,IRONSTL,Mt,0.0,0.0,0.0,0.0,0.0,0.0,0.0,0.0,0.0,0.0,0.0,0.0,0.0,0.0,0.0,0.0,0.0,0.0,0.0,0.0,0.0,0.0,0.0,0.0,0.0,0.0,0.0,0.0,0.0,0.0,0.0,0.0,0.007866833213938218,0.016885492516544254,0.027172989534996805,0.03885227293909921,0.05099881404748641,0.06425213578035449,0.07867319097684522,0.09431633732061351,0.11122700657672713,0.13015282566482367,0.1506137807982444,0.17263590762061787,0.19622770804442569,0.22137842005124864,0.24794075277170102,0.27595307686821446,0.3053386854830401,0.3359983916997723,0.3678104755665378,0.40085523949154667,0.43477804408720255,0.4693945807739558,0.5045029951307702,0.5398873142086326,0.5761624023700183,0.6123486999400799,0.6482129974993301,0.6835274095560127,0.7180750041538895,0.74992866515732,0.7817536102526172,0.8122429950003194,0.8412703110394737,0.8687363821540321,0.8945693168421623,0.9187235134250725,0.9411778889683113,0.9619335258396683,0.9810109326485862,0.9984471035435202,1.0142925361254882,1.0286083382886146,1.0414635222429915,1.0529325530140703,1.0630931910328445,1.0720246452725297,1.0798060352101762,1.0865151465793672,1.0922274569437949,1.09701540187048,1.1009478501581693,1.1040897564471241,1.1065019609466515,1.1082411084187853,1.109359661515717,1.1099059867578225,1.1099244946247155,1.109455818257556,1.1085370180418694,1.1072018018063705,1.1054807525187769,1.103401557189093,1.1009892322246688,1.0982663417467278,1.0952532064066363,1.0919681010636781,1.088427440335706,1.0846459515375915,1.0806368349058606,1.076411911293072,1.071981757721773,1.0673558313311577,1.062542582343419,1.0575495567324587,1.052383489303833,1.0470503878992325,1.0415556094270366,1.0359039283972846,1.0300995986083314
PD22,pathway,japan,Industrial,Oil products,Petroleum coke,PETCOKE,Final consumption,CO2e,MACHINE,Mt,0.0,0.0,0.0,0.0,0.0,0.0,0.0,0.0,0.0,0.0,0.0,0.0,0.0,0.0,0.0,0.0,0.0,0.0,0.0,0.0,0.0,0.0,0.0,0.0,0.0,0.0,0.0,0.0,0.0,0.0,0.0,0.0,5.872811550402754e-07,1.26054935688359e-06,2.028539851555049e-06,2.9004311019569917e-06,3.80720444999735e-06,4.7966020746487625e-06,5.873174276241851e-06,7.040979008259715e-06,8.303407879338206e-06,9.716273335090821e-06,1.1243741000566774e-05,1.2887754509556965e-05,1.4648948553664298e-05,1.652651971804117e-05,1.8509472326340144e-05,2.060067085608852e-05,2.2794388925298392e-05,2.5083221952577537e-05,2.745808320226201e-05,2.9924967474262162e-05,3.2457399944019544e-05,3.504162145933925e-05,3.766256302176766e-05,4.03041016451546e-05,4.3012138678005596e-05,4.571354724427907e-05,4.839091760697944e-05,5.102723747524251e-05,5.36063122703401e-05,5.598427736984315e-05,5.836009874629552e-05,6.0636216798394694e-05,6.280318732231406e-05,6.48536065354731e-05,6.678210753570347e-05,6.858528602983355e-05,7.026156811769797e-05,7.181103460108681e-05,7.32352165051933e-05,7.453687554691723e-05,7.57197815137507e-05,7.678849628131346e-05,7.774817180457301e-05,7.860436710645103e-05,7.93628872211319e-05,8.002964532053822e-05,8.061054789545275e-05,8.111140186896923e-05,8.153784185282777e-05,8.189527536518836e-05,8.218884365495947e-05,8.242339576814481e-05,8.260347359694203e-05,8.273330583164741e-05,8.281680895633242e-05,8.285759366734461e-05,8.28589753314972e-05,8.282398732669779e-05,8.275539631462911e-05,8.265571867920865e-05,8.252723752471965e-05,8.23720197640828e-05,8.219193294224332e-05,8.198866153411173e-05,8.176372253328399e-05,8.151848020924143e-05,8.125415995922708e-05,8.097186121858593e-05,8.067256942198313e-05,8.035716702920338e-05,8.002644364463376e-05,7.968110527022937e-05,7.932178273876811e-05,7.894903937835781e-05,7.856337796111514e-05,7.816524698926592e-05,7.77550463710395e-05,7.733313253699616e-05,7.689982304510917e-05
PD22,pathway,japan,Industrial,Oil products,Petroleum coke,PETCOKE,Final consumption,CO2e,NONFERR,Mt,0.0,0.0,0.0,0.0,0.0,0.0,0.0,0.0,0.0,0.0,0.0,0.0,0.0,0.0,0.0,0.0,0.0,0.0,0.0,0.0,0.0,0.0,0.0,0.0,0.0,0.0,0.0,0.0,0.0,0.0,0.0,0.0,0.0001549701655329111,0.00033263036081117997,0.0005352856189707426,0.0007653579280204395,0.001004634830813287,0.0012657144046327173,0.0015497973704441531,0.0018579545300562543,0.002191080851998494,0.002563903973725759,0.0029669680171288577,0.003400785863044719,0.003865524992179844,0.0043609734015934674,0.004884229581899359,0.005436049403693331,0.006014921804757642,0.006618892884146889,0.007245564858588252,0.007896519619696122,0.008564771062248027,0.009246688458312502,0.009938295441263895,0.010635337521048957,0.01134992702157769,0.012062767420242804,0.0127692646826522,0.013464929651425813,0.01414548894485422,0.014772979954805313,0.015399905284905849,0.016000521170975043,0.016572335502006468,0.017113394587843,0.01762228222483109,0.018098100097280204,0.01854043288866423,0.018949301920741377,0.019325111196305856,0.019668589469756553,0.01998073150243846,0.02026274106977305,0.020515977655726873,0.020741908160259122,0.020942064400116808,0.021118006727141276,0.02127129373017277,0.021403457724398566,0.021515985555951207,0.02161030414612244,0.021687770153792855,0.0217496631321295,0.02179718158338237,0.02183144136292939,0.02185347594201284,0.02186423810143601,0.021864602691242113,0.021855370151003254,0.0218372705399343,0.021810967874629168,0.02177706461448172,0.02173610617089283,0.021688585346580237,0.021634946636235282,0.021575590340032157,0.021510876457718084,0.02144112834380897,0.02136663611433519,0.021287659803135493,0.021204432271315226,0.021117161877548134,0.02102603491972391,0.020931217860292752,0.020832859348754763,0.020731092055258585,0.02062603432936064,0.02051779169776472,0.020406458214404722,0.02029211767562121
PD22,pathway,japan,Industrial,Oil products,Petroleum coke,PETCOKE,Final consumption,CO2e,NONMET,Mt,0.0,0.0,0.0,0.0,0.0,0.0,0.0,0.0,0.0,0.0,0.0,0.0,0.0,0.0,0.0,0.0,0.0,0.0,0.0,0.0,0.0,0.0,0.0,0.0,0.0,0.0,0.0,0.0,0.0,0.0,0.0,0.0,0.011876932119698758,0.025492830847278602,0.0410243541994304,0.05865712362836417,0.07699533422851323,0.09700450415764195,0.11877665681491312,0.1423938585796931,0.16792469994768933,0.19649790882426266,0.22738878557417008,0.26063663744642196,0.2962543001825031,0.33422552585154075,0.37432794242530476,0.4166194799171419,0.4609843303369978,0.5072727464814839,0.5553009619522673,0.6051902131128788,0.6564050840190745,0.7086673152456358,0.7616721575762644,0.8150935463817293,0.86985977162285,0.9244919454868353,0.9786379806254982,1.031953827477465,1.0841119735547031,1.1322029600054315,1.1802505926843971,1.2262818664094137,1.270105785493303,1.3115726188875159,1.3505738285737627,1.3870405675295099,1.42094100584626,1.4522767776261245,1.48107884569183,1.5074030618681293,1.5313256647841107,1.5529389119328165,1.5723469943289021,1.5896623353616182,1.6050023336506374,1.6184865747486934,1.6302345090919044,1.640363573500464,1.6489877200407463,1.65621630813212,1.6621533122743153,1.666896797575905,1.6705386173934342,1.6731642910172353,1.674853023807578,1.6756778369997873,1.6757057792063639,1.6749981962123586,1.6736110398437782,1.671595200412221,1.6689968504780708,1.6658577904366687,1.662215788747557,1.6581049115373243,1.6535558378594528,1.6485961581378532,1.6432506543015062,1.637541560877861,1.6314888068915858,1.6251102388457936,1.6184218253742921,1.611437844369748,1.6041710535343585,1.5966328453836856,1.5888333877738734,1.5807817510291553,1.5724860227287987,1.563953411177606,1.5551903385371941
PD22,pathway,japan,Industrial,Oil products,Petroleum coke,PETCOKE,Final consumption,CO2e,PAPERPRO,Mt,0.0,0.0,0.0,0.0,0.0,0.0,0.0,0.0,0.0,0.0,0.0,0.0,0.0,0.0,0.0,0.0,0.0,0.0,0.0,0.0,0.0,0.0,0.0,0.0,0.0,0.0,0.0,0.0,0.0,0.0,0.0,0.0,0.0013396633104503786,0.0028754740552043023,0.004627358445936147,0.006616253728615629,0.008684719530452217,0.010941661858358737,0.013397460528462718,0.016061372250859768,0.018941133717956637,0.022164060245447037,0.025648409048018572,0.029398613802550294,0.03341612232163857,0.03769910191341991,0.04222247003599797,0.046992760928406346,0.05199691198207143,0.05721803240127277,0.06263539418158459,0.06826267222713847,0.07403947408228145,0.0799344133638132,0.08591311576194996,0.0919388026863778,0.09811618097463999,0.1042784388841837,0.11038586258169857,0.1163996448592538,0.12228284381472274,0.12770728587283237,0.13312683782491003,0.13831895376202352,0.14326209024921954,0.14793935831296878,0.152338515364072,0.1564517957750764,0.16027560927871784,0.16381014019419768,0.16705888098549376,0.17002813148152568,0.17272649104896476,0.17516436590865125,0.17735350832777064,0.1793065991474944,0.18103688039210014,0.18255784076185522,0.18388295371649407,0.18502546558913757,0.18599822964870488,0.18681358113465893,0.18748324789229742,0.18801829121477806,0.18842907173820325,0.18872523564514254,0.18891571693589818,0.18900875206992448,0.1890119038222951,0.18893209171537945,0.18877562685777854,0.18854824944255041,0.18825516752211757,0.18790109598879687,0.18749029495109382,0.1870266069113869,0.18651349232578843,0.18595406326720254,0.1853511150232239,0.18470715554627226,0.18402443273865887,0.18330495960384266,0.18255053733026314,0.18176277639853627,0.18094311581878592,0.18009284061436295,0.17921309767266938,0.17830491008455623,0.1773691900917628,0.17640675075791334,0.175418316473297
PD22,pathway,japan,Industrial,Oil products,Petroleum coke,PETCOKE,Final consumption,CO2e,TEXTILES,Mt,0.0,0.0,0.0,0.0,0.0,0.0,0.0,0.0,0.0,0.0,0.0,0.0,0.0,0.0,0.0,0.0,0.0,0.0,0.0,0.0,0.0,0.0,0.0,0.0,0.0,0.0,0.0,0.0,0.0,0.0,0.0,0.0,5.872811550402754e-07,1.26054935688359e-06,2.028539851555049e-06,2.9004311019569917e-06,3.80720444999735e-06,4.7966020746487625e-06,5.873174276241851e-06,7.040979008259715e-06,8.303407879338206e-06,9.716273335090821e-06,1.1243741000566774e-05,1.2887754509556965e-05,1.4648948553664298e-05,1.652651971804117e-05,1.8509472326340144e-05,2.060067085608852e-05,2.2794388925298392e-05,2.5083221952577537e-05,2.745808320226201e-05,2.9924967474262162e-05,3.2457399944019544e-05,3.504162145933925e-05,3.766256302176766e-05,4.03041016451546e-05,4.3012138678005596e-05,4.571354724427907e-05,4.839091760697944e-05,5.102723747524251e-05,5.36063122703401e-05,5.598427736984315e-05,5.836009874629552e-05,6.0636216798394694e-05,6.280318732231406e-05,6.48536065354731e-05,6.678210753570347e-05,6.858528602983355e-05,7.026156811769797e-05,7.181103460108681e-05,7.32352165051933e-05,7.453687554691723e-05,7.57197815137507e-05,7.678849628131346e-05,7.774817180457301e-05,7.860436710645103e-05,7.93628872211319e-05,8.002964532053822e-05,8.061054789545275e-05,8.111140186896923e-05,8.153784185282777e-05,8.189527536518836e-05,8.218884365495947e-05,8.242339576814481e-05,8.260347359694203e-05,8.273330583164741e-05,8.281680895633242e-05,8.285759366734461e-05,8.28589753314972e-05,8.282398732669779e-05,8.275539631462911e-05,8.265571867920865e-05,8.252723752471965e-05,8.23720197640828e-05,8.219193294224332e-05,8.198866153411173e-05,8.176372253328399e-05,8.151848020924143e-05,8.125415995922708e-05,8.097186121858593e-05,8.067256942198313e-05,8.035716702920338e-05,8.002644364463376e-05,7.968110527022937e-05,7.932178273876811e-05,7.894903937835781e-05,7.856337796111514e-05,7.816524698926592e-05,7.77550463710395e-05,7.733313253699616e-05,7.689982304510917e-05
PD22,pathway,japan,Industrial,Oil products,Refinery gas,REFINGAS,Energy industry own use and Losses,CO2e,EPOWERPLT,Mt,0.0,0.0,0.0,0.0,0.0,0.0,0.0,0.0,0.0,0.0,0.0,0.0,0.0,0.0,0.0,0.0,0.0,0.0,0.0,0.0,0.0,0.0,0.0,0.0,0.0,0.0,0.0,0.0,0.0,0.0,0.0,0.0,0.0002493811847113156,0.0005312804385683781,0.0008488339406533749,0.0012053214321285297,0.0015811322713352033,0.0019908542016118663,0.0024364061780086724,0.0029195332182018682,0.003441738424176173,0.004020957549691215,0.004646255695089106,0.005318489470163668,0.00603799811988226,0.006804539210795435,0.007628807968439236,0.008500140607602142,0.009416410423083853,0.010374729307553968,0.0113714348130304,0.01242941672863273,0.013520471947135397,0.014638816795154368,0.015778017007163556,0.016931103989795037,0.01812001166547559,0.019311116533422754,0.02049669517129952,0.021669142932799503,0.022821164015399353,0.023885588798214414,0.02495568681839643,0.02598583485837666,0.026971574895673874,0.027909329212419513,0.028796405840142834,0.029630972582876322,0.03041200500425743,0.03113921455362391,0.03181296316427761,0.032434170302983845,0.03300421773090719,0.033524856302275925,0.033998118110968256,0.03442623630175315,0.03481157396519735,0.03515656277611644,0.03546365143251615,0.035735263503846496,0.03597376399016139,0.0361814337064708,0.036360450515596394,0.03651287641493331,0.036640649516716,0.036745580029917964,0.03682934944056899,0.03689351218518687,0.03693949921138845,0.03696862291518414,0.03698208303267378,0.036980973142981266,0.0369662875085589,0.036938928038493406,0.03689971121062138,0.03684937482994583,0.0367885845349469,0.03671793999088897,0.03663798073109089,0.036549191624254636,0.036452007959113075,0.036346820147604174,0.03623397805509506,0.036113794971390466,0.03598655123982195,0.03585249756395424,0.035711858012698286,0.03556483274510437,0.03541160047601998,0.035252320703310615,0.03508713571654544
PD22,pathway,japan,Industrial,Oil products,Refinery gas,REFINGAS,Energy industry own use and Losses,CO2e,EREFINER,Mt,0.0,0.0,0.0,0.0,0.0,0.0,0.0,0.0,0.0,0.0,0.0,0.0,0.0,0.0,0.0,0.0,0.0,0.0,0.0,0.0,0.0,0.0,0.0,0.0,0.0,0.0,0.0,0.0,0.0,0.0,0.0,0.0,0.04953520646618248,0.1055295580795006,0.16860600191004949,0.2394160011217945,0.31406424506963493,0.3954483335824488,0.4839494334861145,0.5799141619922716,0.6836410839956129,0.7986928229821038,0.9228973525702528,1.0564248232990705,1.1993426202422182,1.3516025882392038,1.515329146603153,1.6884041210909864,1.870405078946554,2.0607583482103085,2.2587364477085004,2.468886033321839,2.68560505154728,2.907744676920932,3.134026855239701,3.3630673974291057,3.5992230931855334,3.835815222719827,4.07130966339747,4.304195885363025,4.53302470517169,4.7444540535625865,4.9570102912359655,5.161631164740207,5.357431165955304,5.5436996438612045,5.719901886049064,5.885673958865892,6.040812375962917,6.18525982180269,6.319088188099323,6.442480110828775,6.555710052656128,6.659125790121896,6.753130963099443,6.838169146701813,6.914709727499839,6.983235715124694,7.044233500566247,7.0981844834667065,7.145558429683094,7.186808383187277,7.222366938301281,7.252643674708591,7.278023564474361,7.298866173920132,7.315505500808213,7.328250306739592,7.337384824406986,7.3431697383019525,7.345843354997133,7.345622894840378,7.34270585066144,7.337271370910819,7.3294816346168075,7.319483193826617,7.307408265971101,7.293375964056787,7.277493456931938,7.259857055275682,7.240553221574275,7.219659504324311,7.1972453981559354,7.1733731326041426,7.14809839296382,7.121470977109073,7.093535392406325,7.064331396946762,7.0338944893061015,7.002256350943023,6.969445245189402
PD22,pathway,japan,Industrial,Oil products,Refinery gas,REFINGAS,Final consumption,CO2e,IRONSTL,Mt,0.0,0.0,0.0,0.0,0.0,0.0,0.0,0.0,0.0,0.0,0.0,0.0,0.0,0.0,0.0,0.0,0.0,0.0,0.0,0.0,0.0,0.0,0.0,0.0,0.0,0.0,0.0,0.0,0.0,0.0,0.0,0.0,4.5212461378976135e-07,9.632040339363908e-07,1.5389241094263082e-06,2.1852309652970386e-06,2.86657078141433e-06,3.609390933231193e-06,4.417170459520883e-06,5.293073053020845e-06,6.23982381668992e-06,7.28994002223396e-06,8.423596848905724e-06,9.642347318328049e-06,1.0946806476900838e-05,1.2336534796157505e-05,1.3830922571001366e-05,1.5410636507399478e-05,1.7071820918450533e-05,1.880923970579827e-05,2.0616252902272218e-05,2.2534359376671947e-05,2.4512427288490775e-05,2.653997091845492e-05,2.860532503280038e-05,3.069585566882955e-05,3.285132872234397e-05,3.501078525482901e-05,3.71602228091815e-05,3.928585426758715e-05,4.137445244170788e-05,4.330423974460966e-05,4.524431254782473e-05,4.711195659347113e-05,4.8899089548894444e-05,5.059922506143961e-05,5.2207482629770625e-05,5.37205405081224e-05,5.5136541407640896e-05,5.6454962189995226e-05,5.7676459035219607e-05,5.880269892375058e-05,5.9836186969330434e-05,6.0780097446284146e-05,6.163811451250412e-05,6.241428682834684e-05,6.311289864409002e-05,6.373835855229897e-05,6.429510600834565e-05,6.478753490988058e-05,6.5219932969055e-05,6.559643527170828e-05,6.592099025279667e-05,6.619733628487219e-05,6.642898713841628e-05,6.661922469708019e-05,6.67710974716114e-05,6.688742363376205e-05,6.697079747162716e-05,6.70235983408908e-05,6.704800134638866e-05,6.704598913183784e-05,6.701936428121346e-05,6.696976194312538e-05,6.689866238051716e-05,6.680740322358096e-05,6.669719126560835e-05,6.656911369136988e-05,6.64241486672564e-05,6.626317525347e-05,6.608698262241943e-05,6.58962785855094e-05,6.569169744377663e-05,6.547380718727271e-05,6.524311607455231e-05,6.50000786276858e-05,6.474510108048725e-05,6.447854631852643e-05,6.420073834933216e-05,6.391196634031269e-05,6.36124882604747e-05
PD22,pathway,japan,Industrial,Oil products,Refinery gas,REFINGAS,Final consumption,CO2e,MACHINE,Mt,0.0,0.0,0.0,0.0,0.0,0.0,0.0,0.0,0.0,0.0,0.0,0.0,0.0,0.0,0.0,0.0,0.0,0.0,0.0,0.0,0.0,0.0,0.0,0.0,0.0,0.0,0.0,0.0,0.0,0.0,0.0,0.0,3.353791364066189e-07,7.144900481688332e-07,1.1415504112649748e-06,1.6209709704747736e-06,2.1263784447847598e-06,2.6773910935621865e-06,3.27658961465832e-06,3.926320787049067e-06,4.628606050508061e-06,5.4075662207803295e-06,6.2484955484798805e-06,7.152546041338198e-06,8.120173931385533e-06,9.15105318311514e-06,1.0259567221275393e-05,1.1431374903493422e-05,1.2663616140086431e-05,1.3952406873227707e-05,1.5292821676635425e-05,1.6715643777666306e-05,1.8182944357607578e-05,1.96869452699762e-05,2.121899342244668e-05,2.2769717134359127e-05,2.436861414015575e-05,2.5970466029841257e-05,2.7564885994497067e-05,2.914164696060169e-05,3.069093720177129e-05,3.212242396306628e-05,3.356154035147595e-05,3.494693019321351e-05,3.627259813730023e-05,3.753373270635682e-05,3.872671361899758e-05,3.9849076854923525e-05,4.0899444705615976e-05,4.187742911504726e-05,4.278351682754958e-05,4.361894438376275e-05,4.4385570038817916e-05,4.5085748420951074e-05,4.5722212382244726e-05,4.629796515714476e-05,4.681618473710409e-05,4.7280141348786416e-05,4.7693128112414244e-05,4.8058404354187794e-05,4.8379150633524946e-05,4.865843429397545e-05,4.889918422431325e-05,4.910417349222772e-05,4.927600855902107e-05,4.941712387588474e-05,4.952978078155288e-05,4.9616069752809195e-05,4.9677915192958376e-05,4.9717082071723785e-05,4.97351838486675e-05,4.973369121863204e-05,4.9713941310891975e-05,4.9677147053724055e-05,4.96244064835822e-05,4.955671183412281e-05,4.947495828618675e-05,4.9379952296839925e-05,4.927241945497844e-05,4.9153011834040524e-05,4.902231483007154e-05,4.8880853486766124e-05,4.8729098318950116e-05,4.856747065297287e-05,4.839634750727122e-05,4.821606603937825e-05,4.8026927587335695e-05,4.7829201334119446e-05,4.762312762356811e-05,4.7408920955650687e-05,4.7186772687838204e-05
PD22,pathway,japan,Industrial,Oil products,White spirit & industrial spirit (SBP),WHITESP,Energy industry own use and Losses,CO2e,EREFINER,Mt,0.0,0.0,0.0,0.0,0.0,0.0,0.0,0.0,0.0,0.0,0.0,0.0,0.0,0.0,0.0,0.0,0.0,0.0,0.0,0.0,0.0,0.0,0.0,0.0,0.0,0.0,0.0,0.0,0.0,0.0,0.0,0.0,4.861466072281673e-06,1.0585227747401797e-05,1.727768331121713e-05,2.5044762604178644e-05,3.375647967208576e-05,4.3599747894373345e-05,5.4619109803137665e-05,6.6828676337171e-05,8.020411374632487e-05,9.47199818817506e-05,0.00011022733277135584,0.0001265589990993597,0.0001435024708040891,0.0001608091810287672,0.00017838890884273704,0.00019581589516571974,0.000212822107157956,0.00022916543334570774,0.0002446422571615934,0.00025935255897646464,0.00027295415354492466,0.0002853839030421327,0.0002966221567280716,0.0003066858218599255,0.0003159074081733464,0.0003240753560083646,0.00033126599496831577,0.00033756301192260974,0.0003430524867225741,0.0003473248022429451,0.0003512964947380585,0.0003547018141422053,0.0003576099554619294,0.0003600830918628385,0.0003621764157274909,0.0003639384424316413,0.00036541147527091995,0.0003666321562900522,0.0003676320495970287,0.00036843822097321814,0.0003690737906505137,0.000369558445681467,0.00036990890508193064,0.0003701393355270991,0.0003702617183817391,0.00037028617068724195,0.0003702212237558599,0.00037007406349455973,0.00036985073668624653,0.0003695563273308442,0.0003691951068871004,0.0003687706619231917,0.0003682860023232284,0.0003677436528349873,0.0003671457303986151,0.00036649400937620384,0.00036578997651214056,0.0003650348771959348,0.0003642297543716002,0.0003633754812391463,0.0003624727887218923,0.0003615222885251032,0.000360524492484699,0.00035947982879636336,0.0003583886556231321,0.00035725127250137287,0.00035606792989856755,0.0003548388372203774,0.00035356416951699707,0.00035224407309886435,0.00035087867023821275,0.0003494680631044833,0.0003480123370579191,0.0003465115634055386,0.000344965801706859,0.00034337510170268445,0.0003417395049282854,0.00034005904606246935,0.0003383337540556032
PD22,pathway,japan,Industrial,Oil products,White spirit & industrial spirit (SBP),WHITESP,Final consumption,CO2e,CHEMICAL,Mt,0.0,0.0,0.0,0.0,0.0,0.0,0.0,0.0,0.0,0.0,0.0,0.0,0.0,0.0,0.0,0.0,0.0,0.0,0.0,0.0,0.0,0.0,0.0,0.0,0.0,0.0,0.0,0.0,0.0,0.0,0.0,0.0,7.556570465230318e-06,1.6453476826633773e-05,2.6856102557529433e-05,3.892910298860066e-05,5.2470430423164766e-05,6.777061946572013e-05,8.489890618157723e-05,0.0001038772243458011,0.0001246677500396503,0.00014723093957927304,0.00017133527106776903,0.0001967209028066878,0.00022305751319515302,0.00024995873463527774,0.00027728432942719704,0.0003043725057485466,0.00033080663844746395,0.00035621039405076633,0.00038026727483607344,0.0004031326883915995,0.0004242747484755081,0.00044359531485287063,0.0004610638427868884,0.00047670661259678723,0.0004910404710959504,0.0005037365739698459,0.0005149135665031703,0.0005247015299751728,0.0005332342652707145,0.000539875071315511,0.0005460485946435191,0.0005513417584034738,0.00055586211799842,0.0005597063142153083,0.0005629601370445952,0.0005656989978642658,0.0005679886521130269,0.000569886055488777,0.0005714402706410661,0.0005726933681060389,0.0005736812855327245,0.0005744346241014349,0.0005749793715326481,0.0005753375482370334,0.0005755277778202646,0.0005755657860191953,0.0005754648337434431,0.0005752360906302212,0.0005748889556839515,0.0005744313313774886,0.0005738698571851263,0.0005732101080002713,0.0005724567623295785,0.0005716137445930067,0.0005706843453220851,0.0005696713225515259,0.0005685769872485469,0.0005674032752229321,0.0005661518076070334,0.00056482394168635,0.0005634208135941975,0.0005619433741536129,0.0005603924189526228,0.0005587686135704594,0.0005570725147289382,0.0005553045880216964,0.000553465222770627,0.00055155474447191,0.0005495734252202412,0.000547521492437784,0.0005453991361821745,0.0005432065152636497,0.0005409437623645493,0.0005386109883231476,0.0005362082857176259,0.0005337357318641448,0.0005311933913243396,0.0005285813180022892,0.0005258995568978937
PD22,pathway,japan,Industrial,Oil products,White spirit & industrial spirit (SBP),WHITESP,Final consumption,CO2e,IRONSTL,Mt,0.0,0.0,0.0,0.0,0.0,0.0,0.0,0.0,0.0,0.0,0.0,0.0,0.0,0.0,0.0,0.0,0.0,0.0,0.0,0.0,0.0,0.0,0.0,0.0,0.0,0.0,0.0,0.0,0.0,0.0,0.0,0.0,3.838550246316281e-05,8.357957861471503e-05,0.00013642233545182623,0.00019775018118780045,0.000266536763670641,0.0003442579265820712,0.00043126537194985125,0.0005276705179074639,0.0006332812283353969,0.0007478966311342131,0.0008703406525301504,0.000999293361186395,0.0011330768053545413,0.001269728333531687,0.0014085355730087627,0.001546136785581333,0.001680415618882063,0.0018094603922711309,0.001931663375871878,0.002047814001661106,0.0021552104195415927,0.0022533541014777823,0.002342089887787774,0.0024215512759706032,0.0024943637195596535,0.0025588567710544945,0.0026156331190542613,0.0026653535441720673,0.002708697721694345,0.0027424313681895145,0.0027737913344604613,0.002800679292626213,0.002823641597439565,0.002843169160112501,0.002859697772503928,0.0028736105056973086,0.0028852413810011262,0.00289487971922461,0.0029027747464503845,0.0029091401705603854,0.002914158545892148,0.0029179853188466107,0.002920752500593787,0.002922571949354529,0.002923538268423383,0.0029237313406405194,0.0029232185281355114,0.0029220565698931567,0.002920293210523136,0.0029179685926261994,0.002915116443083877,0.0029117650809710174,0.002907938271940249,0.0029036559510709384,0.002898934833446565,0.0028937889291989357,0.0028882299774679477,0.0028822678116868445,0.0028759106668056213,0.0028691654374977398,0.002862037895038461,0.0028545328693728267,0.002846654401890548,0.0028384058735689333,0.00282979011241663,0.0028208094835337543,0.002811465964578899,0.00280176120899187,0.0027916965989461906,0.002781273289690004,0.002770492246668933,0.0027593542765995635,0.0027478600534752507,0.002736010140326918,0.0027238050074287513,0.002711245047527655,0.002698330588580712,0.002685061904407267,0.002671439223595642
PD22,pathway,japan,Industrial,Oil products,White spirit & industrial spirit (SBP),WHITESP,Final consumption,CO2e,MACHINE,Mt,0.0,0.0,0.0,0.0,0.0,0.0,0.0,0.0,0.0,0.0,0.0,0.0,0.0,0.0,0.0,0.0,0.0,0.0,0.0,0.0,0.0,0.0,0.0,0.0,0.0,0.0,0.0,0.0,0.0,0.0,0.0,0.0,0.000520291748536815,0.001132869503040923,0.0018491203943421589,0.002680381418542266,0.003612741006910669,0.004666203307900699,0.005845535425008347,0.007152247562132709,0.008583735432989563,0.010137276340489061,0.011796929331904439,0.013544803554202324,0.01535815540906783,0.017210382369070357,0.019091828662665244,0.020956928007368942,0.022776994555581118,0.024526116658400175,0.02618250253155799,0.02775685243732035,0.02921254446842641,0.030542821385640753,0.031745580095425,0.03282263007382456,0.03380955771992065,0.034683721150839036,0.035453289437842234,0.036127219053518414,0.036714722576068295,0.03717196129363719,0.03759702624363554,0.03796147588922944,0.0382727157312307,0.0385373997675414,0.03876143488731807,0.03895001338220834,0.03910766270449205,0.03923830441882411,0.0393453166306347,0.03943159601810784,0.039499616992398394,0.039551486533344,0.03958899397071932,0.039613655473535604,0.03962675333094833,0.03962937030545698,0.0396224194490716,0.03960666982364409,0.03958276857783371,0.0395512598197697,0.03951260069647473,0.039467175055496004,0.039415305025558366,0.03935726081433495,0.03929326898444577,0.03922351943456372,0.03914817128147068,0.03906735781127335,0.038981190643626464,0.038889763231565164,0.038793153801156714,0.038691427819319335,0.038584640064591384,0.038472836364029525,0.03835605504954212,0.03823432817859871,0.03810768255713854,0.037976140596515696,0.03783972103123756,0.037698439519978304,0.037552309148756326,0.0374013408521161,0.03724554376562076,0.03708492552080628,0.03691949249194843,0.036749250002488645,0.03657420249768237,0.03639435368898149,0.03620970667475936
PD22,pathway,japan,Industrial,Oil products,White spirit & industrial spirit (SBP),WHITESP,Final consumption,CO2e,NONFERR,Mt,0.0,0.0,0.0,0.0,0.0,0.0,0.0,0.0,0.0,0.0,0.0,0.0,0.0,0.0,0.0,0.0,0.0,0.0,0.0,0.0,0.0,0.0,0.0,0.0,0.0,0.0,0.0,0.0,0.0,0.0,0.0,0.0,1.4418570091232017e-06,3.139461346398636e-06,5.1243695653310154e-06,7.427999283704471e-06,1.0011798106754753e-05,1.2931202473249472e-05,1.6199423205017334e-05,1.9820645450262746e-05,2.3787652088123686e-05,2.809289785213429e-05,3.2692206422977864e-05,3.7535997825730976e-05,4.256124392908986e-05,4.7694222555556884e-05,5.290817517605808e-05,5.807682636154168e-05,6.312068053949186e-05,6.796793012754402e-05,7.255818470632919e-05,7.692109734682308e-05,8.095517969404017e-05,8.464170576821757e-05,8.797484737744626e-05,9.095961902700383e-05,9.36946394228163e-05,9.611716231220187e-05,9.82498262103609e-05,0.00010011745171614895,0.00010174556916036243,0.00010301269063907751,0.00010419065065710837,0.0001052006306874468,0.00010606315320288154,0.00010679665807592796,0.00010741751475614284,0.00010794011236679514,0.00010837699759697133,0.00010873903807142297,0.00010903559535509086,0.0001092746968590468,0.00010946319978807467,0.00010960694310397914,0.00010971088548174304,0.00010977922860037059,0.00010981552599998945,0.00010982277828305678,0.00010980351574232487,0.00010975986963823504,0.00010969363337964476,0.00010960631482463955,0.00010949918084058897,0.0001093732951639022,0.00010922955049287997,0.0001090686956397579,0.00010889135846554396,0.00010869806522638832,0.00010848925687421436,0.00010826530277776122,0.00010802651226267547,0.00010777314431041157,0.00010750541570473303,0.00010722350787064826,0.000106927572613024,0.0001066177369299589,0.00010629410704864364,0.00010595677180824828,0.00010560580549465472,0.00010524127021526342,0.00010486321788802394,0.00010447169190699208,0.00010406672853675851,0.00010364835807964815,0.00010321660585256397,0.00010277149300437811,0.0001023130371997839,0.00010184125319135307,0.00010135615329798701,0.00010085774780503602,0.00010034604529885835
PD22,pathway,japan,Industrial,Oil products,White spirit & industrial spirit (SBP),WHITESP,Final consumption,CO2e,NONMET,Mt,0.0,0.0,0.0,0.0,0.0,0.0,0.0,0.0,0.0,0.0,0.0,0.0,0.0,0.0,0.0,0.0,0.0,0.0,0.0,0.0,0.0,0.0,0.0,0.0,0.0,0.0,0.0,0.0,0.0,0.0,0.0,0.0,7.630566189012781e-06,1.6614593160045577e-05,2.711908386047188e-05,3.931030596488491e-05,5.2984233277807505e-05,6.843424538724506e-05,8.573025633442212e-05,0.00010489441467511214,0.00012588852610982286,0.00014867265973360502,0.0001730130265324304,0.00019864724037653057,0.00022524174507785103,0.00025240638963567913,0.0002799995631094516,0.00030735299325488307,0.00033404597522816644,0.0003596984904098134,0.00038399094185695036,0.000407080258945622,0.00042842934707821505,0.00044793910500742773,0.00046557868889518007,0.00048137463640379464,0.0004958488554327938,0.0005086692815464043,0.0005199557218319887,0.0005298395313554243,0.0005384558212114567,0.0005451616555984149,0.0005513956315257929,0.0005567406271961785,0.0005613052512205406,0.0005651870907152543,0.000568472775746637,0.000571238456138708,0.0005735505312229696,0.000575466514420974,0.0005770359488153303,0.0005783013169068151,0.0005792989082544097,0.0005800596236924159,0.0005806097054192114,0.0005809713894745311,0.0005811634818307969,0.0005812018622149937,0.0005810999213907001,0.0005808689383708563,0.0005805184041971569,0.0005800562987253381,0.0005794893264449953,0.0005788231168402086,0.000578062394230676,0.0005772111214652037,0.0005762726212969834,0.0005752496787680549,0.0005741446274751732,0.000572959422184029,0.0005716956999014856,0.0005703548312039025,0.0005689379633498809,0.0005674460564731421,0.0005658799139522983,0.0005642402078840913,0.0005625275004418877,0.0005607422617785278,0.0005588848850282367,0.0005569556988745299,0.0005549549780765187,0.0005528829522833379,0.0005507398134137131,0.0005485257218329887,0.0005462408115227609,0.000543885194406659,0.0005414589639694115,0.0005389621982842773,0.0005363949625450941,0.0005337573111837828,0.0005310492896408929
PD22,pathway,japan,Industrial,Oil products,White spirit & industrial spirit (SBP),WHITESP,Final consumption,CO2e,PAPERPRO,Mt,0.0,0.0,0.0,0.0,0.0,0.0,0.0,0.0,0.0,0.0,0.0,0.0,0.0,0.0,0.0,0.0,0.0,0.0,0.0,0.0,0.0,0.0,0.0,0.0,0.0,0.0,0.0,0.0,0.0,0.0,0.0,0.0,1.97422003858023e-06,4.2986145374965116e-06,7.016391373732049e-06,1.0170568190646326e-05,1.3708358262650664e-05,1.770566629290905e-05,2.218058080824165e-05,2.713883219896963e-05,3.2570538635940356e-05,3.846536898634447e-05,4.4762836132337524e-05,5.139505416055441e-05,5.827572366749903e-05,6.530390274340997e-05,7.244295306426032e-05,7.951997573589006e-05,8.642612379827055e-05,9.306307684436458e-05,9.934814707968087e-05,0.00010532193609408235,0.0001108454839610111,0.0001158931506868644,0.00012045695619235376,0.0001245437664404282,0.00012828861217559722,0.00013160557994832566,0.00013452566687557408,0.00013708285782777012,0.0001393121094547972,0.00014104707803959184,0.00014265996493304116,0.00014404285019964087,0.00014522383362790283,0.00014622816346754837,0.00014707825310293597,0.00014779380441526152,0.00014839199658724263,0.0001488877097924475,0.00014929376207661963,0.00014962114473480117,0.00014987924679170635,0.0001500760630729846,0.00015021838309760616,0.00015031195989020056,0.00015036165903042217,0.00015037158900438384,0.00015034521434055358,0.00015028545320421697,0.00015019476116737688,0.00015007520282009254,0.00014992851278301718,0.00014975614754574837,0.00014955932940901524,0.00014933908366181068,0.0001490962699842386,0.0001488316089369582,0.00014854570428034081,0.0001482390617616012,0.00014791210491572657,0.00014756518834540893,0.0001471986088754009,0.00014681261491652608,0.0001464074143231056,0.00014598318098352756,0.0001455400603462291,0.00014507817405161463,0.0001445976238134295,0.00014409849467039376,0.00014358085770962335,0.0001430447723471449,0.00014249028823717602,0.00014191744687027825,0.00014132628291087178,0.0001407168253164239,0.00014008909827379314,0.00013944312198250184,0.000138778913309841,0.0001380964863387222,0.00013739585282576246
PD22,pathway,japan,Industrial,Oil products,White spirit & industrial spirit (SBP),WHITESP,Final consumption,CO2e,TRANSEQ,Mt,0.0,0.0,0.0,0.0,0.0,0.0,0.0,0.0,0.0,0.0,0.0,0.0,0.0,0.0,0.0,0.0,0.0,0.0,0.0,0.0,0.0,0.0,0.0,0.0,0.0,0.0,0.0,0.0,0.0,0.0,0.0,0.0,0.0007399429331629015,0.001611132187524178,0.002629762190556939,0.0038119560696649804,0.005137929219383393,0.006636130924798207,0.008313340813980406,0.01017170665249794,0.0122075247044423,0.0144169228336967,0.016777230307251763,0.01926300330381394,0.021841896576903462,0.024476076829659674,0.02715181192057004,0.029804298883204648,0.032392741586790036,0.034880289280674756,0.03723595035906156,0.03947494240606328,0.04154518287077875,0.043437061815256826,0.0451475882845076,0.04667933565974705,0.04808291382397047,0.04932612218727153,0.05042057855171645,0.05137902053733541,0.05221454998968908,0.05286482084019754,0.053469335147355114,0.053987644231651206,0.054430279968726084,0.05480670546987984,0.05512532133131767,0.055393511870631365,0.055617715891298235,0.0558035105220379,0.05595570000056426,0.056078403893558754,0.0561751412325127,0.05624890849939141,0.05630225042400384,0.05633732325531704,0.05635595062555573,0.05635967240626701,0.05634978711195615,0.05632738847875119,0.056293396861584646,0.05624858607431428,0.056193606257384975,0.056129003306980466,0.05605523534467231,0.0559726866515082,0.05588167943788272,0.05578248377185177,0.055675325944411956,0.05556039551096755,0.05543785121356079,0.05530782595822591,0.055170430995671434,0.055025759430936225,0.05487388916837394,0.054714885381815986,0.0545488025857243,0.05437568637124673,0.05419557486096617,0.05400849992762157,0.05381448821485351,0.053613561991947147,0.05340573986943557,0.05319103739809192,0.052969467570233214,0.05274104123919542,0.052505767470277596,0.052263653834314534,0.0520147066532119,0.05175893120528247,0.05149633189693764
PD22,pathway,japan,Residential,Biofuels and Waste,Charcoal,CHARCOAL,Final consumption,CO2e,RESIDENT,Mt,0.0,0.0,0.0,0.0,0.0,0.0,0.0,0.0,0.0,0.0,0.0,0.0,0.0,0.0,0.0,0.0,0.0,0.0,0.0,0.0,0.0,0.0,0.0,0.0,0.0,0.0,0.0,0.0,0.0,0.0,0.0,0.0,0.00020198368191095759,0.0004182246726600128,0.0006495541502599296,0.0008967665736191489,0.0011618967017466841,0.0014449643085047807,0.0017465912370190316,0.0020672575177381677,0.0024072642340744466,0.0027704511760047665,0.003154010109825068,0.003557578753997148,0.003980453885626928,0.004421552997845784,0.004890006358843957,0.0053755703528706456,0.005876032058252299,0.006388722175159914,0.00691053251760625,0.007451767193654578,0.007996984103428431,0.008542105672985608,0.009082847959675311,0.009614825195654934,0.010154600937638928,0.010679381429306457,0.011185082636130505,0.011667934772625758,0.012124574839743258,0.012508670418848442,0.012889399902531795,0.013236076253651242,0.01354758096154235,0.013823350787215319,0.01406334191995524,0.014267980183555178,0.014438101522830368,0.01457488692911501,0.014679795585515442,0.014754499427220413,0.014800821617685266,0.014820680723999356,0.01481604170039092,0.014788874201690737,0.014741118272018286,0.014674657094313936,0.014591296237601371,0.01449274868722584,0.014380624871134787,0.014256426884058501,0.01412154614385058,0.013977263775245068,0.013824753093652772,0.013665083645992827,0.013499226350176544,0.01332805935517683,0.013152374316850577,0.012972882849394102,0.01279022296803897,0.012604965385523078,0.012417619563602897,0.01222863945224026,0.012038428874027294,0.011847346530851632,0.011655710624641205,0.011463803095076984,0.0112718734851505,0.011080142450981458,0.010888804935932368,0.010698033031197898,0.010507978546058065,0.010318775311164086,0.010130541237799114,0.009943380155203942,0.009757383446928,0.009572631505857845,0.009389195026177036,0.00920713614908339,0.00902650947766988
PD22,pathway,japan,Residential,Biofuels and Waste,Primary solid biofuels,PRIMSBIO,Final consumption,CO2e,RESIDENT,Mt,0.0,0.0,0.0,0.0,0.0,0.0,0.0,0.0,0.0,0.0,0.0,0.0,0.0,0.0,0.0,0.0,0.0,0.0,0.0,0.0,0.0,0.0,0.0,0.0,0.0,0.0,0.0,0.0,0.0,0.0,0.0,0.0,1.3062672036135418e-06,2.8218822074060917e-06,4.569445270607823e-06,6.570329839197499e-06,8.845979659566496e-06,1.1409311325046958e-05,1.4268179666003828e-05,1.742183135659726e-05,2.0859007247498037e-05,2.456427536001e-05,2.8496575149120048e-05,3.2608388532292504e-05,3.684191418652926e-05,4.113201355932592e-05,4.542438256778977e-05,4.9639350717585816e-05,5.3713996781986614e-05,5.759390478897724e-05,6.123565377159188e-05,6.462842004119744e-05,6.773457460572152e-05,7.054625473698018e-05,7.306531896096951e-05,7.530137125489791e-05,7.729405161386995e-05,7.903878838901406e-05,8.055654192826941e-05,8.186908829415288e-05,8.299800798912373e-05,8.392237620536046e-05,8.473185713813083e-05,8.541537973066576e-05,8.598888402948577e-05,8.646654044277119e-05,8.686081728332265e-05,8.718259334507158e-05,8.744129513313044e-05,8.764504421817732e-05,8.780080482217102e-05,8.791452526721897e-05,8.799126950426891e-05,8.80353367697944e-05,8.805036866997396e-05,8.803944381100245e-05,8.800516060036257e-05,8.794970912987252e-05,8.78749331866759e-05,8.778238347420159e-05,8.767336309804558e-05,8.754896630732349e-05,8.74101113977989e-05,8.725756859070122e-05,8.709198360801467e-05,8.691389757576455e-05,8.67237638040313e-05,8.652196191733007e-05,8.630880974200428e-05,8.608457329830428e-05,8.58494751933154e-05,8.560370166635077e-05,8.534740850001866e-05,8.508072597732507e-05,8.480376303709577e-05,8.451661075614023e-05,8.421934526632684e-05,8.391203019759768e-05,8.359471872344115e-05,8.32674552731353e-05,8.293027696474016e-05,8.258321480416266e-05,8.222629468829327e-05,8.185953824409891e-05,8.148296353037764e-05,8.109658562457619e-05,8.07004171134144e-05,8.029446850303877e-05,7.987874856184734e-05,7.945326460700859e-05,7.901802274388888e-05
PD22,pathway,japan,Residential,Coal,Coke oven coke,OVENCOKE,Final consumption,CO2e,RESIDENT,Mt,0.0,0.0,0.0,0.0,0.0,0.0,0.0,0.0,0.0,0.0,0.0,0.0,0.0,0.0,0.0,0.0,0.0,0.0,0.0,0.0,0.0,0.0,0.0,0.0,0.0,0.0,0.0,0.0,0.0,0.0,0.0,0.0,5.668687769616745e-07,1.173750802257873e-06,1.8229787834571538e-06,2.5167823756758157e-06,3.260872145925716e-06,4.0553035897052694e-06,4.901821914591331e-06,5.8017743297782425e-06,6.756005828208265e-06,7.775292810367816e-06,8.851753946487179e-06,9.984372490606818e-06,1.1171174842195625e-05,1.2409122937292808e-05,1.372384094470934e-05,1.5086580077031329e-05,1.6491129752340845e-05,1.7929998559870984e-05,1.9394463351432273e-05,2.091344268658484e-05,2.2443598191714114e-05,2.3973486123782486e-05,2.5491083564363793e-05,2.698408182183772e-05,2.8498966647172e-05,2.9971767185663337e-05,3.1391021562592516e-05,3.274614984562415e-05,3.402771375172579e-05,3.5105680987018264e-05,3.6174201249283713e-05,3.714715112969658e-05,3.802139151936274e-05,3.879534168366904e-05,3.946887866750271e-05,4.004319754865666e-05,4.052064441276783e-05,4.0904533721216846e-05,4.119896068276034e-05,4.1408617596531744e-05,4.153862118497296e-05,4.159435592156809e-05,4.1581336465667835e-05,4.15050906689006e-05,4.137106328020282e-05,4.1184539467168695e-05,4.0950586573330685e-05,4.0674012105406233e-05,4.035933574197687e-05,4.001077312360616e-05,3.963222927534095e-05,3.92272996837287e-05,3.8799277267611295e-05,3.8351163718750246e-05,3.788568392582818e-05,3.7405302420779315e-05,3.691224099193392e-05,3.640849679007823e-05,3.5895860409930465e-05,3.5375933561236026e-05,3.4850146052383736e-05,3.431977189747826e-05,3.378594442777062e-05,3.324967034290315e-05,3.271184267906573e-05,3.217325270216964e-05,3.163460075656484e-05,3.109650611537043e-05,3.0559515888652106e-05,3.0024113051688503e-05,2.949072365840675e-05,2.8959723305572177e-05,2.8431442912119608e-05,2.7906173875622288e-05,2.7384172664723662e-05,2.6865664902686204e-05,2.6350848993286863e-05,2.5839899336281452e-05,2.533296917567583e-05
PD22,pathway,japan,Residential,Coal,Coking coal,COKCOAL,Final consumption,CO2e,RESIDENT,Mt,0.0,0.0,0.0,0.0,0.0,0.0,0.0,0.0,0.0,0.0,0.0,0.0,0.0,0.0,0.0,0.0,0.0,0.0,0.0,0.0,0.0,0.0,0.0,0.0,0.0,0.0,0.0,0.0,0.0,0.0,0.0,0.0,5.011755729025715e-07,1.0377273447999323e-06,1.6117176907948368e-06,2.2251178760647846e-06,2.8829766822857238e-06,3.585343173702048e-06,4.3337603095358845e-06,5.129419173803941e-06,5.973066835032712e-06,6.874230839820521e-06,7.825943208763433e-06,8.827305024405658e-06,9.876571402539296e-06,1.0971056353905606e-05,1.213341451747199e-05,1.333822874100153e-05,1.4580008173564892e-05,1.5852129567885924e-05,1.7146880682668157e-05,1.8489828767765656e-05,1.9842657840524808e-05,2.1195250348689935e-05,2.253697668400761e-05,2.385695458267148e-05,2.519628266189225e-05,2.6498403511810763e-05,2.7753183549731322e-05,2.8951268928934997e-05,3.0084315148722052e-05,3.10373590782423e-05,3.1982050824133076e-05,3.284224763429249e-05,3.361517418440856e-05,3.429943292780459e-05,3.489491515837156e-05,3.54026774589058e-05,3.582479403222277e-05,3.616419523389826e-05,3.6424501687748855e-05,3.660986191244768e-05,3.672479966447142e-05,3.677407542224618e-05,3.676256476310446e-05,3.669515492783174e-05,3.6576659685113885e-05,3.641175171583326e-05,3.620491111997273e-05,3.5960388272630174e-05,3.568217907655151e-05,3.537401063077704e-05,3.503933541539489e-05,3.4681332243745186e-05,3.430291242538344e-05,3.390672979246517e-05,3.349519345218079e-05,3.307048232715629e-05,3.2634560727448116e-05,3.218919435833084e-05,3.1735966306349736e-05,3.1276292662550725e-05,3.0811437537901886e-05,3.0342527303751805e-05,2.987056395202897e-05,2.9396437518118104e-05,2.892093754616465e-05,2.844476360397428e-05,2.796853487449564e-05,2.7492798864617212e-05,2.701803928099522e-05,2.654468312794142e-05,2.6073107084909143e-05,2.560364322156194e-05,2.5136584107350606e-05,2.4672187370409983e-05,2.4210679757783716e-05,2.3752260745739388e-05,2.3297105745466698e-05,2.2845368945908644e-05,2.2397185831952646e-05
PD22,pathway,japan,Residential,Coal,Gas works gas,GASWKSGS,Final consumption,CO2e,RESIDENT,Mt,0.0,0.0,0.0,0.0,0.0,0.0,0.0,0.0,0.0,0.0,0.0,0.0,0.0,0.0,0.0,0.0,0.0,0.0,0.0,0.0,0.0,0.0,0.0,0.0,0.0,0.0,0.0,0.0,0.0,0.0,0.0,0.0,3.2352408597118465e-07,6.771502222277444e-07,1.0628938460149293e-06,1.4825502697577691e-06,1.9518209190501535e-06,2.4648648845108134e-06,3.022989854593839e-06,3.626760696218773e-06,4.275853204400616e-06,4.953708593202182e-06,5.668745532380653e-06,6.417236000976533e-06,7.194585370229691e-06,7.995526677707852e-06,8.817973651989766e-06,9.653160462171701e-06,1.0495339713106099e-05,1.1339047031032881e-05,1.2179229805144132e-05,1.302085862218766e-05,1.385145557387123e-05,1.4667234408769756e-05,1.546470413824001e-05,1.624059245178423e-05,1.7005988971379447e-05,1.7744939639128392e-05,1.8454546294383838e-05,1.9132084448034637e-05,1.9775057858704833e-05,2.0353509726995672e-05,2.0911626137771717e-05,2.142929737011427e-05,2.1905564123412555e-05,2.2339921961033767e-05,2.273231800317285e-05,2.308313015183129e-05,2.3393131757199648e-05,2.366344538338044e-05,2.3895489549203883e-05,2.409092212607349e-05,2.4251583601646042e-05,2.437944279013383e-05,2.4476546890765984e-05,2.4544977142555777e-05,2.45868107462851e-05,2.460408925026228e-05,2.4598793233191494e-05,2.457282286067202e-05,2.4527983728728008e-05,2.446597732177592e-05,2.4388395386102088e-05,2.429671753683809e-05,2.419231146235081e-05,2.4076435153293537e-05,2.395024065533682e-05,2.3814778918278705e-05,2.367100538534413e-05,2.3519786032201567e-05,2.3361903623983692e-05,2.3198064009761837e-05,2.302890231747798e-05,2.285498894868737e-05,2.2676835302248923e-05,2.2494899180077803e-05,2.2309589847038037e-05,2.212127273176541e-05,2.1930273766390097e-05,2.1736883371407368e-05,2.154136009788365e-05,2.1343933943259574e-05,2.114480935962438e-05,2.0944167974816705e-05,2.074217104733348e-05,2.0538961676013483e-05,2.0334666784987988e-05,2.0129398903592236e-05,1.9923257759917762e-05,1.9716331705539865e-05,1.9508698987740085e-05
PD22,pathway,japan,Residential,Coal,Lignite,LIGNITE,Final consumption,CO2e,RESIDENT,Mt,0.0,0.0,0.0,0.0,0.0,0.0,0.0,0.0,0.0,0.0,0.0,0.0,0.0,0.0,0.0,0.0,0.0,0.0,0.0,0.0,0.0,0.0,0.0,0.0,0.0,0.0,0.0,0.0,0.0,0.0,0.0,0.0,5.350817427395379e-07,1.1079330002620926e-06,1.7207556741044176e-06,2.3756543919930574e-06,3.078019502228947e-06,3.827903388413381e-06,4.626953396016112e-06,5.476441189790674e-06,6.377164379897508e-06,7.339295082683649e-06,8.355393912104714e-06,9.424501135993363e-06,1.054475382300708e-05,1.1713284267911911e-05,1.2954279770239648e-05,1.4240603624113685e-05,1.5566393504546032e-05,1.6924578079878213e-05,1.830692335041737e-05,1.9740726274252968e-05,2.1185078666945097e-05,2.2629178490673186e-05,2.4061677009352745e-05,2.5470955738370185e-05,2.690089375106889e-05,2.829110734347661e-05,2.9630777362820977e-05,3.0909917144000365e-05,3.211961765349817e-05,3.313713812793312e-05,3.4145741366146295e-05,3.5064133309339765e-05,3.588935087341717e-05,3.661990196308946e-05,3.725567051792313e-05,3.779778460200302e-05,3.824845874476216e-05,3.861082154993366e-05,3.888873858839994e-05,3.908663903971687e-05,3.920935270731093e-05,3.926196213157362e-05,3.924967273862104e-05,3.917770240709309e-05,3.905119057290172e-05,3.887512603910316e-05,3.865429199912523e-05,3.839322637986942e-05,3.809619541999685e-05,3.776717836901143e-05,3.740986127859286e-05,3.7027638019220555e-05,3.662361686008168e-05,3.62006311737736e-05,3.5761253051482673e-05,3.530780882709076e-05,3.48423957026666e-05,3.4366898839232715e-05,3.3883008424326883e-05,3.3392236352194755e-05,3.289593225505381e-05,3.239529870696547e-05,3.1891405487895624e-05,3.138520284703942e-05,3.0877533743791016e-05,3.03691450740106e-05,2.9860697910402327e-05,2.9352776800489838e-05,2.8845898175269744e-05,2.834051792729475e-05,2.783703821961758e-05,2.7335813587502705e-05,2.683715639368299e-05,2.634134169568085e-05,2.584861158072046e-05,2.535917902029258e-05,2.4873231292728717e-05,2.439093301835912e-05,2.391242884806784e-05
PD22,pathway,japan,Residential,Coal,Other bituminous coal,BITCOAL,Final consumption,CO2e,RESIDENT,Mt,0.0,0.0,0.0,0.0,0.0,0.0,0.0,0.0,0.0,0.0,0.0,0.0,0.0,0.0,0.0,0.0,0.0,0.0,0.0,0.0,0.0,0.0,0.0,0.0,0.0,0.0,0.0,0.0,0.0,0.0,0.0,0.0,5.011755729025715e-07,1.0377273447999323e-06,1.6117176907948368e-06,2.2251178760647846e-06,2.8829766822857238e-06,3.585343173702048e-06,4.3337603095358845e-06,5.129419173803941e-06,5.973066835032712e-06,6.874230839820521e-06,7.825943208763433e-06,8.827305024405658e-06,9.876571402539296e-06,1.0971056353905606e-05,1.213341451747199e-05,1.333822874100153e-05,1.4580008173564892e-05,1.5852129567885924e-05,1.7146880682668157e-05,1.8489828767765656e-05,1.9842657840524808e-05,2.1195250348689935e-05,2.253697668400761e-05,2.385695458267148e-05,2.519628266189225e-05,2.6498403511810763e-05,2.7753183549731322e-05,2.8951268928934997e-05,3.0084315148722052e-05,3.10373590782423e-05,3.1982050824133076e-05,3.284224763429249e-05,3.361517418440856e-05,3.429943292780459e-05,3.489491515837156e-05,3.54026774589058e-05,3.582479403222277e-05,3.616419523389826e-05,3.6424501687748855e-05,3.660986191244768e-05,3.672479966447142e-05,3.677407542224618e-05,3.676256476310446e-05,3.669515492783174e-05,3.6576659685113885e-05,3.641175171583326e-05,3.620491111997273e-05,3.5960388272630174e-05,3.568217907655151e-05,3.537401063077704e-05,3.503933541539489e-05,3.4681332243745186e-05,3.430291242538344e-05,3.390672979246517e-05,3.349519345218079e-05,3.307048232715629e-05,3.2634560727448116e-05,3.218919435833084e-05,3.1735966306349736e-05,3.1276292662550725e-05,3.0811437537901886e-05,3.0342527303751805e-05,2.987056395202897e-05,2.9396437518118104e-05,2.892093754616465e-05,2.844476360397428e-05,2.796853487449564e-05,2.7492798864617212e-05,2.701803928099522e-05,2.654468312794142e-05,2.6073107084909143e-05,2.560364322156194e-05,2.5136584107350606e-05,2.4672187370409983e-05,2.4210679757783716e-05,2.3752260745739388e-05,2.3297105745466698e-05,2.2845368945908644e-05,2.2397185831952646e-05
PD22,pathway,japan,Residential,Coal,Patent fuel,PATFUEL,Final consumption,CO2e,RESIDENT,Mt,0.0,0.0,0.0,0.0,0.0,0.0,0.0,0.0,0.0,0.0,0.0,0.0,0.0,0.0,0.0,0.0,0.0,0.0,0.0,0.0,0.0,0.0,0.0,0.0,0.0,0.0,0.0,0.0,0.0,0.0,0.0,0.0,5.165393061099357e-07,1.0695392824312241e-06,1.6611255269819802e-06,2.2933297348447885e-06,2.9713554600724915e-06,3.6952532709931107e-06,4.466613426847235e-06,5.286663524797921e-06,6.156173535049584e-06,7.084963074867876e-06,8.065850558714943e-06,9.097909512468836e-06,1.0179341561813764e-05,1.1307378377439717e-05,1.2505369085132333e-05,1.3747117359911722e-05,1.502696402666572e-05,1.6338082799882434e-05,1.7672525016492022e-05,1.9056641700392715e-05,2.0450942277496497e-05,2.1844999038026096e-05,2.3227856518929627e-05,2.458829885634746e-05,2.5968684561675422e-05,2.7310722435534346e-05,2.860396824628757e-05,2.983878140138649e-05,3.100656159619873e-05,3.1988821460133456e-05,3.2962473100982815e-05,3.384903958079828e-05,3.464566049661559e-05,3.5350895459418053e-05,3.596463243066836e-05,3.648796038312173e-05,3.6923017105092176e-05,3.7272822783351804e-05,3.754110903335638e-05,3.7732151548241543e-05,3.785061276200807e-05,3.7901399087410175e-05,3.7889535564510406e-05,3.782005925437204e-05,3.769793149364275e-05,3.752796820606494e-05,3.7314786830838706e-05,3.706276803997297e-05,3.6776030232175184e-05,3.64584147621645e-05,3.611347994715648e-05,3.574450204825746e-05,3.5354481622356086e-05,3.494615385587055e-05,3.452200170811446e-05,3.40842708974391e-05,3.363498595059399e-05,3.317596670123951e-05,3.270884476605813e-05,3.2235079646920677e-05,3.175597420661135e-05,3.1272689345832994e-05,3.0786257772968545e-05,3.029759680778558e-05,2.9807520198214102e-05,2.931674895758449e-05,2.8825921250140863e-05,2.8335601366809494e-05,2.7846287842463366e-05,2.73584207713984e-05,2.6872388380323903e-05,2.638853291862885e-05,2.590715592459497e-05,2.5428522924048343e-05,2.4952867615051934e-05,2.4480395588896306e-05,2.4011287634069802e-05,2.354570266623777e-05,2.308378032362984e-05
PD22,pathway,japan,Residential,Emissions,Addtl Emissions,EM,Emissions,CO2e,IND,Mt,0.0,0.0,0.0,0.0,0.0,0.0,0.0,0.0,0.0,0.0,0.0,0.0,0.0,0.0,0.0,0.0,0.0,0.0,0.0,0.0,0.0,0.0,0.0,0.0,0.0,0.0,0.0,0.0,0.0,0.0,0.0,0.008164359872376403,0.008175008387139693,0.00818495501694505,0.00819419976179181,0.008202742621680192,0.012664432627996769,0.02033438620339867,0.0324539132643451,0.050604806220765575,0.07675754879707797,0.11949036049577444,0.17611515681151824,0.24976463966419626,0.34359281253956353,0.46041565383104543,0.5926934194512872,0.7296664348981869,0.8864906852475187,1.0604971718468672,1.2369790078852263,1.2414508768486499,1.2457520290914976,1.2498824646137727,1.2538421834154792,1.2576311854966093,1.262788850742872,1.2677544189923742,1.2725278902451138,1.2771092645010875,1.2814985417602978,1.2832642015214633,1.286549158211831,1.2896527080435278,1.292574851016557,1.2953155871309217,1.2978749163866157,1.3002528387836443,1.3024493543220028,1.3044644630016962,1.306298164822719,1.3079504597850742,1.3094213478887646,1.3107108291337841,1.3118189035201384,1.3127455710478226,1.3134908317168388,1.3140546855271902,1.314437132478871,1.314638172571887,1.3146578058062324,1.3144960321819132,1.3141528516989232,1.3136282643572652,1.3129222701569425,1.3120348690979493,1.310966061180291,1.3097158464039622,1.3082842247689659,1.3066711962753044,1.3048767609229723,1.3029009187119753,1.300743669642308,1.298405013713975,1.2958849509269723,1.293183481281302,1.2903006047769658,1.28723632141396,1.2839906311922884,1.2805635341119468,1.2769550301729375,1.2731651193752629,1.2691938017189184,1.2650410772039078,1.2607069458302278,1.2561914075978797,1.2514944625068662,1.2466161105571827,1.2415563517488337,1.2363151860818145,1.23089261355613
PD22,pathway,japan,Residential,Natural gas,Natural gas,NATGAS,Final consumption,CO2e,RESIDENT,Mt,0.0,0.0,0.0,0.0,0.0,0.0,0.0,0.0,0.0,0.0,0.0,0.0,0.0,0.0,0.0,0.0,0.0,0.0,0.0,0.0,0.0,0.0,0.0,0.0,0.0,0.0,0.0,0.0,0.0,0.0,0.0,0.0,0.16083686706205924,0.3366386769830534,0.5284073848764841,0.7370355129327066,0.9703288728684818,1.2253837131351162,1.5028501383868598,1.8030089667438585,2.1256990228366934,2.4626882665546788,2.8181619580601573,3.190266747826879,3.5767184606507723,3.974898677152039,4.3837702276923505,4.798975264306492,5.217656525141667,5.637097449687756,6.054786181399686,6.47319379935518,6.886117032254706,7.291673581859817,7.688127936965396,8.07385330008916,8.454362769430084,8.821724939567694,9.174499017995478,9.51133055132965,9.830978557338126,10.118550303233988,10.396012473309131,10.653367714506071,10.890139119813867,11.106075913444343,11.301151806714389,11.475554669945295,11.629668966696899,11.764052768844405,11.87941127929051,11.976568692752373,12.056439989849427,12.120003947505753,12.168278310997648,12.202297748150524,12.223094919222165,12.231684760188308,12.229051896576262,12.216140977316796,12.193849636991985,12.163023752106133,12.124454643914598,12.078877888754791,12.02697341965669,11.969366634494031,11.906630261618117,11.839286770546003,11.767811150626624,11.692633913279396,11.614144202611488,11.53269292465487,11.448595827116742,11.362136479607814,11.273569119119562,11.183121337441785,11.090996596639238,10.997376566020211,10.902423279587632,10.80628111707894,10.709078614653587,10.610930113312408,10.511937254432109,10.412190332534198,10.31176951571916,10.21074594418925,10.109182717047473,10.007135777163375,9.90465470339211,9.801783418863948,9.698560823457335
PD22,pathway,japan,Residential,Oil products,Liquified petroleum gases (LPG),LPG,Final consumption,CO2e,RESIDENT,Mt,0.0,0.0,0.0,0.0,0.0,0.0,0.0,0.0,0.0,0.0,0.0,0.0,0.0,0.0,0.0,0.0,0.0,0.0,0.0,0.0,0.0,0.0,0.0,0.0,0.0,0.0,0.0,0.0,0.0,0.0,0.0,0.0,0.14753184308248635,0.29979845627749135,0.455316345098427,0.6120178116763695,0.8149800575725195,1.0396308523273374,1.2858762557959862,1.5528368935692596,1.8387255940645328,2.1357906318423714,2.4438002360506097,2.7581039663163835,3.0734502160508574,3.384284601962543,3.6773935555175568,3.9540939907062636,4.2100866227221925,4.442039410894272,4.647701064655928,4.833788538389484,4.992866009565462,5.125498218115977,5.232918852750202,5.316841287237451,5.373016006678962,5.40969927299703,5.429140449233907,5.433516939727793,5.424872971529356,5.415764649202268,5.389802888484099,5.3558618846483625,5.315240061652754,5.269063641383836,5.218301418247072,5.163781079681058,5.1062057583969755,5.046169966179727,4.9841744028285255,4.920639378197637,4.85591675192372,4.790300403697073,4.724035312946796,4.657325363222591,4.590340002937229,4.523219897485697,4.456081703060587,4.3890220831867826,4.322121077419446,4.255444919298358,4.189048388466861,4.122976770395543,4.057267486688553,3.9919514496113053,3.9270541862762527,3.8625967708049034,3.79859659666601,3.735068016168186,3.6720228696553714,3.6094709232135784,3.547420230551164,3.4858774320765833,3.424848001991385,3.3643364523745287,3.3043465016998503,3.2448812139520657,3.1859431134461342,3.127534279574555,3.069656424976878,3.0123109600207263,2.9554990459827177,2.8992216389024503,2.84347952574,2.7882733541831115,2.7336036572159905,2.6794708733672947,2.625875363394934,2.5728174240328374,2.520297299315401
PD22,pathway,japan,Residential,Oil products,Other kerosene,OTHKERO,Final consumption,CO2e,RESIDENT,Mt,0.0,0.0,0.0,0.0,0.0,0.0,0.0,0.0,0.0,0.0,0.0,0.0,0.0,0.0,0.0,0.0,0.0,0.0,0.0,0.0,0.0,0.0,0.0,0.0,0.0,0.0,0.0,0.0,0.0,0.0,0.0,0.0,0.2535880550472829,0.5153145642672001,0.7826295935325174,1.0519790390643546,1.400844749066076,1.7869902544458878,2.2102540843096232,2.6691247083908056,3.160530211120534,3.6711463844066774,4.200574844290971,4.74082208845806,5.282861288035542,5.817145180368475,6.32096135927572,6.796573428671548,7.2365914769993225,7.635288159602727,7.988793800727724,8.308653971568072,8.58208746005776,8.810064980708308,8.994707083997213,9.138958836648035,9.235515875104031,9.298569640067704,9.331986494129408,9.339509112223842,9.324651254845168,9.308995233098198,9.264370342169105,9.206030169842755,9.13620653807146,9.056835275838305,8.969581614756262,8.875868241910071,8.776903751003587,8.673710030492124,8.567147718225733,8.457939272192016,8.346689493354926,8.233903522689609,8.120002447980612,8.005336718539372,7.890197594154481,7.774826860349534,7.659425033951073,7.544158266989443,7.429164137052622,7.314556490983301,7.200429487865521,7.086860967534864,6.973915252863019,6.861645478014785,6.750095520777239,6.63930160482504,6.529293627269335,6.420096257862441,6.311729848616016,6.204211186162057,6.097554113778023,5.991770045462613,5.886868390656494,5.782856905036696,5.679741980176247,5.577528882666465,5.476221951476537,5.375824760811789,5.276340254476922,5.177770856710485,5.080118563595993,4.983385018441202,4.8875715739281524,4.7926793433478645,4.698709242830883,4.6056620261509496,4.513538313404004,4.422338614637087,4.332063349313592
PD22,pathway,japan,Transportation,Biofuels and Waste,Biodiesels,BIODIESEL,Final consumption,CO2e,HEAVYROAD,Mt,0.0,0.0,0.0,0.0,0.0,0.0,0.0,0.0,0.0,0.0,0.0,0.0,0.0,0.0,0.0,0.0,0.0,0.0,0.0,0.0,0.0,0.0,0.0,0.0,0.0,0.0,0.0,0.0,0.0,0.0,0.0,0.0,0.0001729072826679133,0.0003861208746139856,0.0006454881033206225,0.0009570771346608855,0.0012702446115253532,0.0016154146342808873,0.001992426234917485,0.0023999633568173844,0.002835362217155227,0.0032966770434502864,0.003776786107140181,0.0042687665162693764,0.004764601618443235,0.005255594775888651,0.0057415565054928005,0.006206870350835948,0.006643878266483056,0.007046218154012941,0.007409112056355605,0.007757695552555906,0.00806477083430475,0.008330006894876785,0.008554336765359794,0.008739683351849896,0.00890152656269158,0.009030503470569128,0.009129778471323503,0.009202572102120044,0.009252027077101075,0.009259015733311953,0.009263646635559161,0.009253159017940398,0.009229792098604844,0.009195516086181047,0.009152047089975612,0.009100867529886305,0.00904324920231159,0.008980277017154112,0.008912872095419962,0.008841813423284437,0.008767757623695301,0.008691256659652171,0.008612773451034143,0.008532695491928742,0.00845134661597535,0.008368997087186114,0.00828587220335577,0.008202159595963127,0.008118015399616952,0.008033569449176126,0.007948929646038987,0.00786418561826237,0.007779411783043928,0.007694669905197744,0.007610011231811159,0.007525478271361416,0.007441106275159899,0.007356924469980844,0.007272957082998548,0.007189224193557111,0.0071057424406971575,0.007022525610629696,0.006939585124358261,0.006856930442300021,0.006774569399945331,0.0066925084862464795,0.006610753074459801,0.006529307613527616,0.00644817578671959,0.006367360643115261,0.00628686470656287,0.006206690065961179,0.0061268384500578615,0.006047311289412623,0.005968109767722494,0.005889234864331345,0.005810687389434464,0.005732468013231052,0.005654577290062284
PD22,pathway,japan,Transportation,Biofuels and Waste,Biodiesels,BIODIESEL,Final consumption,CO2e,LIGHTROAD,Mt,0.0,0.0,0.0,0.0,0.0,0.0,0.0,0.0,0.0,0.0,0.0,0.0,0.0,0.0,0.0,0.0,0.0,0.0,0.0,0.0,0.0,0.0,0.0,0.0,0.0,0.0,0.0,0.0,0.0,0.0,0.0,0.0,0.0002840956170265703,0.0006344165868998192,0.001060570371396008,0.0015725272812003137,0.0020870776587187667,0.0026542098759437943,0.003273659454101477,0.0039432640440351,0.004658646912655592,0.005416611055042301,0.006205455102467386,0.007013804385042059,0.007828487127850873,0.008635214304797974,0.009433674585319232,0.010198209323035631,0.010916235952831834,0.011577301217628894,0.01217355468660063,0.012746295417414746,0.013250836002958483,0.013686632582045508,0.014055218173057103,0.01435975221026019,0.014625668984476906,0.014837584721398322,0.01500069868721546,0.015120302391221769,0.015201559475454905,0.015213042199419916,0.015220651011559061,0.015203419312855753,0.015165026254655921,0.015108708991736166,0.015037287180532143,0.014953196513682413,0.01485852661851197,0.014755060058157857,0.01464431028212055,0.014527557205015041,0.014405879692338613,0.014280184647875378,0.014151232672952568,0.014019660440416994,0.013886000025703381,0.013750695486575563,0.013614116998974204,0.013476572851132887,0.013338319580297076,0.013199570511861606,0.013060502933410118,0.012921264108480145,0.012781976308380088,0.012642741015897123,0.012503642432648863,0.012364750402264136,0.012226122844472541,0.012087807780377251,0.011949845016479914,0.0118122675441824,0.011675102702289891,0.011538373142260793,0.011402097629395192,0.01126629170764827,0.01113096825113634,0.01099613792154395,0.010861809547409432,0.010727990438575351,0.010594686646844455,0.010461903182012277,0.010329644190892133,0.010197913105652842,0.010066712766716328,0.00993604552456625,0.009805913324078108,0.009676317774364585,0.009547260206618483,0.009418741722011787,0.009290763231355748
PD22,pathway,japan,Transportation,Biofuels and Waste,Biodiesels,BIODIESEL,Final consumption,CO2e,MEDIUMROAD,Mt,0.0,0.0,0.0,0.0,0.0,0.0,0.0,0.0,0.0,0.0,0.0,0.0,0.0,0.0,0.0,0.0,0.0,0.0,0.0,0.0,0.0,0.0,0.0,0.0,0.0,0.0,0.0,0.0,0.0,0.0,0.0,0.0,1.1778425249857945e-05,2.6302511894685677e-05,4.397057924527387e-05,6.519599009951538e-05,8.652892449082775e-05,0.00011004186882022384,0.00013572385796440636,0.0001634852422900125,0.00019314456520130982,0.00022456928088898415,0.00025727425797957644,0.0002907879098276142,0.0003245641429457244,0.0003580105433166656,0.00039111420337144417,0.00042281133180081397,0.00045258026338440435,0.00047998761267118123,0.0005047079057462946,0.0005284533755147075,0.000549371310238743,0.0005674391617763477,0.0005827204881035282,0.0005953462773739713,0.0006063710192569197,0.0006151569121641095,0.000621919514395334,0.0006268782085912837,0.0006302470760968036,0.0006307231425961822,0.0006310385991525314,0.0006303241837834057,0.0006287324317850711,0.0006263975535545671,0.0006234364502708182,0.0006199501042156885,0.0006160251500212257,0.0006117354916317516,0.0006071438757098067,0.0006023033667087493,0.000597258693712214,0.0005920474563795757,0.0005867011887625438,0.0005812462869161269,0.0005757048103525444,0.0005700951694268469,0.0005644327114002568,0.0005587302177086597,0.000552998324224588,0.0005472458752844773,0.000541480221119822,0.000535707467184085,0.0005299326827686599,0.0005241600752859498,0.000518393135681959,0.0005126347596295242,0.0005068873484441347,0.0005011528930504661,0.0004954330438009908,0.0004897291684984406,0.00048404240059244936,0.0004783736791982081,0.00047272378231323295,0.0004670933543801102,0.00046148292915158915,0.00045589294865439224,0.00045032377891415505,0.0004447757229923441,0.0004392490317928875,0.00043374391301875066,0.00042826053859420084,0.000422799050814794,0.00041735956744263337,0.0004119421859272902,0.00040654698690207697,0.0004011740370797917,0.0003958233916508488,0.0003904950962691449,0.00038518918869634064
PD22,pathway,japan,Transportation,Biofuels and Waste,Biodiesels,BIODIESEL,Final consumption,CO2e,TTROAD,Mt,0.0,0.0,0.0,0.0,0.0,0.0,0.0,0.0,0.0,0.0,0.0,0.0,0.0,0.0,0.0,0.0,0.0,0.0,0.0,0.0,0.0,0.0,0.0,0.0,0.0,0.0,0.0,0.0,0.0,0.0,0.0,0.0,2.3556850499715837e-06,5.26050237893713e-06,8.79411584905478e-06,1.3039198019903082e-05,1.730578489816557e-05,2.200837376404479e-05,2.7144771592881273e-05,3.269704845800252e-05,3.8628913040261964e-05,4.491385617779684e-05,5.14548515959153e-05,5.815758196552287e-05,6.491282858914488e-05,7.16021086633331e-05,7.822284067428882e-05,8.456226636016278e-05,9.051605267688087e-05,9.599752253423627e-05,0.00010094158114925893,0.00010569067510294151,0.00010987426204774861,0.00011348783235526957,0.00011654409762070567,0.00011906925547479425,0.00012127420385138398,0.0001230313824328219,0.00012438390287906683,0.00012537564171825676,0.00012604941521936072,0.00012614462851923643,0.00012620771983050627,0.0001260648367566812,0.00012574648635701424,0.00012527951071091345,0.0001246872900541637,0.00012399002084313772,0.00012320503000424517,0.00012234709832635034,0.00012142877514196138,0.00012046067334174988,0.00011945173874244286,0.00011840949127591518,0.0001173402377525088,0.00011624925738322541,0.00011514096207050891,0.0001140190338853694,0.00011288654228005138,0.00011174604354173194,0.0001105996648449176,0.00010944917505689548,0.00010829604422396441,0.00010714149343681702,0.00010598653655373198,0.00010483201505718998,0.00010367862713639183,0.00010252695192590486,0.00010137746968882695,0.00010023057861009322,9.908660876019821e-05,9.794583369968815e-05,9.68084801184899e-05,9.567473583964164e-05,9.45447564626466e-05,9.341867087602207e-05,9.229658583031786e-05,9.11785897308785e-05,9.006475578283108e-05,8.895514459846888e-05,8.784980635857753e-05,8.674878260375016e-05,8.565210771884021e-05,8.455981016295886e-05,8.347191348852673e-05,8.238843718545808e-05,8.130939738041546e-05,8.023480741595838e-05,7.916467833016982e-05,7.809901925382903e-05,7.703783773926818e-05
PD22,pathway,japan,Transportation,Biofuels and Waste,Biogasoline,BIOGASOL,Final consumption,CO2e,HEAVYROAD,Mt,0.0,0.0,0.0,0.0,0.0,0.0,0.0,0.0,0.0,0.0,0.0,0.0,0.0,0.0,0.0,0.0,0.0,0.0,0.0,0.0,0.0,0.0,0.0,0.0,0.0,0.0,0.0,0.0,0.0,0.0,0.0,0.0,0.00600699679775496,0.013414280888372265,0.022424995117660662,0.03324995450974927,0.04412975090501675,0.05612135235396065,0.06921916664377376,0.0833774724620473,0.09850372694618514,0.11453033173433369,0.13120986982931027,0.148301832045114,0.16552771070687852,0.18258537466981783,0.19946824107383265,0.2156337763584032,0.23081593126466907,0.24479367921553447,0.25740102851662744,0.2695112179378971,0.2801793645056606,0.289393968667623,0.29718744499111804,0.30362659743363973,0.30924921571936903,0.31373002104260556,0.317178948134786,0.31970788214117835,0.3214260045462055,0.3216687984576684,0.32182968129927264,0.3214653294658511,0.3206535359574675,0.3194627480757043,0.317952585421022,0.31617454895648844,0.3141728223438618,0.31198509659424645,0.3096433725051136,0.3071747129473168,0.30460192975320743,0.3019441987488121,0.2992176023002895,0.2964356023955153,0.29360944938557226,0.2907485325514117,0.2878606789961531,0.28495240725201193,0.28202914161390735,0.2790953926933621,0.27615490910838836,0.2732108046402111,0.2702656646274064,0.2673216348502718,0.2643804956912456,0.26144372394345516,0.25851254427778353,0.255587972065802,0.25267084898726033,0.24976187262154226,0.2468616210279536,0.24397057315523532,0.24108912578211544,0.23821760757430863,0.23535629074571335,0.2325054007299551,0.22966512420010557,0.22683561571751054,0.22401700324317173,0.22120939270560006,0.2184128717861707,0.21562751305561625,0.2128533765726085,0.21009051203642812,0.207338960570064,0.2045987561970426,0.201869927064475,0.1991524964558481,0.1964464836296085
PD22,pathway,japan,Transportation,Biofuels and Waste,Biogasoline,BIOGASOL,Final consumption,CO2e,LIGHTROAD,Mt,0.0,0.0,0.0,0.0,0.0,0.0,0.0,0.0,0.0,0.0,0.0,0.0,0.0,0.0,0.0,0.0,0.0,0.0,0.0,0.0,0.0,0.0,0.0,0.0,0.0,0.0,0.0,0.0,0.0,0.0,0.0,0.0,0.00986980672764648,0.02204035797190329,0.03684542794536616,0.054631396646808716,0.07250746538344721,0.09221028738266568,0.11373067434930684,0.1369935038000396,0.16184672302057113,0.18817926440273358,0.21558460901110116,0.2436675878016451,0.27197059824590675,0.2999972232313356,0.3277366467779867,0.3542974581583573,0.37924252466647274,0.4022086881933715,0.42292321579162495,0.4428208839688065,0.4603492010815078,0.475489272769964,0.48829435784644204,0.49887421867162074,0.508112471604304,0.5154746667266792,0.5211414324939401,0.5252966019921814,0.5281195660527573,0.5285184890190029,0.5287828278568433,0.5281841789316303,0.5268503601698991,0.5248938340317432,0.5224125586072925,0.5194911526451296,0.5162022121889612,0.5126076655213371,0.5087600916092195,0.5047039561504961,0.5004767401667143,0.49610995053278956,0.49163001140892265,0.48705904153813573,0.48241552582970065,0.4777148913583143,0.4729699984596197,0.4681915574195184,0.4633884806353848,0.45856817927546983,0.4537368125132378,0.4488994964524451,0.4440604789382185,0.4392232855986758,0.4343908416943357,0.42956557367276166,0.4247494937316173,0.419944270178961,0.4151512859381964,0.41037168716836536,0.4056064236508341,0.4008562823231797,0.3961219151133943,0.3914038620362621,0.3867025703533113,0.38201841046365936,0.37735168908082756,0.37270266015710873,0.3680715339390534,0.363458484472689,0.35886365582305446,0.3542871672276203,0.3497291173658937,0.3451895878963657,0.3406686463862361,0.3361663487379203,0.331682741198579,0.32721786202418646,0.32277174285736776
PD22,pathway,japan,Transportation,Biofuels and Waste,Biogasoline,BIOGASOL,Final consumption,CO2e,MEDIUMROAD,Mt,0.0,0.0,0.0,0.0,0.0,0.0,0.0,0.0,0.0,0.0,0.0,0.0,0.0,0.0,0.0,0.0,0.0,0.0,0.0,0.0,0.0,0.0,0.0,0.0,0.0,0.0,0.0,0.0,0.0,0.0,0.0,0.0,0.00040919596714952475,0.0009137793520689538,0.0015275882232738854,0.002264983277230872,0.003006113821867624,0.003822980405583154,0.004715202087450528,0.005679664336651728,0.006710063143473104,0.007801793714872864,0.008938002031969365,0.010102304635225757,0.011275729612185186,0.012437695822194682,0.01358775484154174,0.014688949343215482,0.015723156080699532,0.016675318747652216,0.01753413000794465,0.01835907479140989,0.01908578777286517,0.019713485604061526,0.02024437636179279,0.020683010724362384,0.021066022869166832,0.021371254839414558,0.021606195377029035,0.021778466085911344,0.021895504396880493,0.021912043491666793,0.02192300281330196,0.021898183206120657,0.02184288392080842,0.021761767580088853,0.021658895464647283,0.021537775814474695,0.02140141841579441,0.021252390776174843,0.021092872786451892,0.020924707966438486,0.020749450255668093,0.02056840590931964,0.020382670456423,0.020193160926125036,0.02000064369111529,0.01980575834818882,0.01960903807875704,0.019410926924523987,0.019211794387868363,0.01901194773115547,0.018811642309835733,0.018611090234346817,0.018410467617670748,0.01820992063012752,0.018009570551174782,0.01780951797979941,0.01760984634044848,0.017410624800122763,0.01721191069395507,0.017013751540977,0.016816186718525458,0.016619248852536475,0.016422964971533758,0.01622735746418997,0.016032444873686203,0.015838242556536458,0.01564476322889003,0.015452017419448951,0.01526001384490271,0.015068759721089928,0.014878261020856317,0.014688522687712282,0.014499548812847993,0.014311342781773036,0.01412390739578093,0.01393724497255059,0.013751357429460154,0.013566246352578209,0.013381913053788047
PD22,pathway,japan,Transportation,Biofuels and Waste,Biogasoline,BIOGASOL,Final consumption,CO2e,TTROAD,Mt,0.0,0.0,0.0,0.0,0.0,0.0,0.0,0.0,0.0,0.0,0.0,0.0,0.0,0.0,0.0,0.0,0.0,0.0,0.0,0.0,0.0,0.0,0.0,0.0,0.0,0.0,0.0,0.0,0.0,0.0,0.0,0.0,8.183919342990512e-05,0.00018275587041379025,0.0003055176446547774,0.0004529966554461754,0.0006012227643735256,0.000764596081116631,0.0009430404174901059,0.0011359328673303457,0.0013420126286946207,0.0015603587429745738,0.0017876004063938728,0.00202046092704515,0.0022551459224370365,0.0024875391644389347,0.0027175509683083463,0.0029377898686430946,0.0031446312161399056,0.003335063749530442,0.0035068260015889293,0.003671814958281976,0.0038171575545730323,0.003942697120812303,0.004048875272358556,0.004136602144872476,0.004213204573833365,0.0042742509678829095,0.004321239075405803,0.004355693217182266,0.004379100879376097,0.0043824086983333555,0.004384600562660389,0.004379636641224129,0.004368576784161682,0.004352353516017768,0.004331779092929455,0.004307555162894937,0.0042802836831588795,0.004250478155234966,0.004218574557290375,0.0041849415932876935,0.004149890051133615,0.004113681181863925,0.004076534091284597,0.004038632185225003,0.004000128738223055,0.0039611516696377615,0.003921807615751405,0.003882185384904794,0.0038423588775736693,0.0038023895462310905,0.003762328461967143,0.0037222180468693593,0.003682093523534146,0.0036419841260255004,0.0036019141102349534,0.003561903595959878,0.003521969268089693,0.00348212496002455,0.003442382138791012,0.0034027503081953984,0.0033632373437050894,0.0033238497705072923,0.0032845929943067496,0.0032454714928379915,0.0032064889747372384,0.003167648511307289,0.003128952645778004,0.0030904034838897883,0.0030520027689805397,0.0030137519442179836,0.002975652204171262,0.002937704537542455,0.0028999097625695973,0.002862268556354606,0.0028247814791561845,0.0027874489945101167,0.0027502714858920296,0.0027132492705156407,0.0026763826107576083
PD22,pathway,japan,Transportation,Coal,Other bituminous coal,BITCOAL,Final consumption,CO2e,HEAVYRAIL,Mt,0.0,0.0,0.0,0.0,0.0,0.0,0.0,0.0,0.0,0.0,0.0,0.0,0.0,0.0,0.0,0.0,0.0,0.0,0.0,0.0,0.0,0.0,0.0,0.0,0.0,0.0,0.0,0.0,0.0,0.0,0.0,0.0,1.551570320235335e-05,3.253860060765208e-05,5.118739891964413e-05,7.158055888225462e-05,9.38334647788675e-05,0.0001180550342850784,0.00014434383719682826,0.00017278386407453732,0.00020344016161039915,0.0002363546139079536,0.0002715421770305027,0.00030898784926331195,0.0003486445737024052,0.0003904321346969767,0.00043423695903338434,0.0004799126144442742,0.0005272807563830053,0.0005761323293152908,0.0006262289650607671,0.0006773046895517845,0.000729068188890049,0.0007812059448839928,0.0008333865073460486,0.0008852660365383585,0.0009364950603221337,0.0009867261929149777,0.0010356223978162564,0.0010828652753994883,0.0011281628283883434,0.001171256203146056,0.0012119250071791394,0.0012499909426080561,0.0012853196487715443,0.0013178207937523919,0.00134744657827587,0.0013741889060646312,0.0013980755284980296,0.0014191654898602056,0.0014375441880086512,0.0014533183315903586,0.0014666110272362615,0.0014775571761336329,0.0014862993052848458,0.0014929839091514247,0.0014977583350597584,0.0015007682120026801,0.0015021553974323978,0.001502056399626407,0.0015006012230730126,0.0014979125797228922,0.0014941054085392989,0.001489286648323052,0.0014835552132451634,0.0014770021260535919,0.0014697107698975185,0.001461757225679092,0.0014532106674960846,0.0014441337938953741,0.0014345832772227778,0.0014246102172995533,0.0014142605889936489,0.0014035756760254815,0.0013925924856097874,0.0013813441403496922,0.0013698602452301325,0.0013581672286655637,0.0013462886573969463,0.0013342455256544123,0.001322056519447421,0.0013097382571498639,0.0012973055077438597,0.0012847713881979084,0.0012721475415031582,0.0012594442968921502,0.0012466708137307465,0.0012338352105162958,0.0012209446803414493,0.001208005594099672,0.0011950235926199999
PD22,pathway,japan,Transportation,Coal,Other bituminous coal,BITCOAL,Final consumption,CO2e,LIGHTRAIL,Mt,0.0,0.0,0.0,0.0,0.0,0.0,0.0,0.0,0.0,0.0,0.0,0.0,0.0,0.0,0.0,0.0,0.0,0.0,0.0,0.0,0.0,0.0,0.0,0.0,0.0,0.0,0.0,0.0,0.0,0.0,0.0,0.0,4.376223980150995e-06,9.177554017542858e-06,1.4437471490156119e-05,2.0189388402687175e-05,2.6465849040193225e-05,3.329757377271462e-05,4.071236433756688e-05,4.8733910379997756e-05,5.738055840293305e-05,6.666412187147398e-05,7.658881916244951e-05,8.71504190229854e-05,9.833564899298616e-05,0.0001101218841453011,0.000122477091009416,0.00013535996817659016,0.00014872021333879636,0.00016249886211456915,0.00017662868245303686,0.00019103465602742637,0.00020563461737924474,0.00022034013830061333,0.00023505773284119316,0.0002496904205621012,0.0002641396323985505,0.0002783073877452501,0.00029209862502509794,0.00030542353921524025,0.0003181997721095328,0.000330354313707862,0.0003418250020248854,0.0003525615479150929,0.00036252605478171763,0.00037169304439170037,0.0003800490348983224,0.000387591742736178,0.000394328995217393,0.00040027744585800675,0.0004054611812332093,0.00040991029865369095,0.00041365952050253526,0.00041674689583256314,0.0004192126245675206,0.00042109802565809415,0.0004224446586065985,0.00042329359825716623,0.000423684855686061,0.0004236569332279609,0.00042324649881546507,0.00042248816351158497,0.0004214143459982638,0.00042005520850137373,0.0004184386498896615,0.00041659034324588483,0.0004145338068941719,0.0004122904995505131,0.0004098799318578701,0.00040731978802177225,0.00040462605255001425,0.0004018131382126946,0.00039889401228026,0.0003958803188789819,0.0003927824959412221,0.00038960988573965677,0.00038637083839824257,0.00038307280808515894,0.0003797224418299079,0.00037632566108201373,0.0003728877362544008,0.0003694133545807309,0.000365906681671345,0.00036237141718402545,0.0003588108450393524,0.0003552278786106065,0.0003516251013086721,0.00034800480296613473,0.0003443690124039985,0.0003407195265409332,0.00033705793637999994
PD22,pathway,japan,Transportation,Coal,Patent fuel,PATFUEL,Final consumption,CO2e,HEAVYRAIL,Mt,0.0,0.0,0.0,0.0,0.0,0.0,0.0,0.0,0.0,0.0,0.0,0.0,0.0,0.0,0.0,0.0,0.0,0.0,0.0,0.0,0.0,0.0,0.0,0.0,0.0,0.0,0.0,0.0,0.0,0.0,0.0,0.0,5.696552622118281e-07,1.1946467923120807e-06,1.8793328780024657e-06,2.628062776629709e-06,3.445072794041416e-06,4.334361816156127e-06,5.299548809012224e-06,6.343717465568852e-06,7.469255959279263e-06,8.677702054798667e-06,9.96960486034669e-06,1.1344413591622449e-05,1.2800400565863302e-05,1.433462068499681e-05,1.5942904136159622e-05,1.7619874694338426e-05,1.9358984482962234e-05,2.1152558079032297e-05,2.299184385289208e-05,2.486707663146031e-05,2.6767560895948424e-05,2.8681785902351022e-05,3.0597582537799295e-05,3.2502326810104554e-05,3.438318793485045e-05,3.6227411727687165e-05,3.8022623975622924e-05,3.975713471395896e-05,4.142022333384865e-05,4.300238608709554e-05,4.449553131700642e-05,4.5893112860381714e-05,4.7190197698284095e-05,4.838346931638522e-05,4.947117277596113e-05,5.0453010824161906e-05,5.133000234611806e-05,5.210431513833398e-05,5.2779084562337686e-05,5.335822840010082e-05,5.384626648157946e-05,5.4248151670991684e-05,5.456911681249868e-05,5.481454041455756e-05,5.498983229835115e-05,5.510033919686448e-05,5.5151269371887576e-05,5.514763469156437e-05,5.509420823900355e-05,5.499549535357182e-05,5.485571599129669e-05,5.4678796384191436e-05,5.446836814194138e-05,5.422777314255744e-05,5.396007277804301e-05,5.3668060340181096e-05,5.33542755391151e-05,5.302102033671526e-05,5.267037544434834e-05,5.2304216979499844e-05,5.192423289824334e-05,5.153193892231393e-05,5.112869376258275e-05,5.071571350735225e-05,5.029408509643025e-05,4.9864778842613384e-05,4.942865999305331e-05,4.8986499345793435e-05,4.853898295311766e-05,4.808672095457386e-05,4.763025558974159e-05,4.717006844492304e-05,4.670658698970103e-05,4.624019045933126e-05,4.577121513769944e-05,4.5299959093457385e-05,4.482668641924898e-05,4.435163102087537e-05,4.3874999999999996e-05
PD22,pathway,japan,Transportation,Coal,Patent fuel,PATFUEL,Final consumption,CO2e,LIGHTRAIL,Mt,0.0,0.0,0.0,0.0,0.0,0.0,0.0,0.0,0.0,0.0,0.0,0.0,0.0,0.0,0.0,0.0,0.0,0.0,0.0,0.0,0.0,0.0,0.0,0.0,0.0,0.0,0.0,0.0,0.0,0.0,0.0,0.0,5.696552622118281e-07,1.1946467923120807e-06,1.8793328780024657e-06,2.628062776629709e-06,3.445072794041416e-06,4.334361816156127e-06,5.299548809012224e-06,6.343717465568852e-06,7.469255959279263e-06,8.677702054798667e-06,9.96960486034669e-06,1.1344413591622449e-05,1.2800400565863302e-05,1.433462068499681e-05,1.5942904136159622e-05,1.7619874694338426e-05,1.9358984482962234e-05,2.1152558079032297e-05,2.299184385289208e-05,2.486707663146031e-05,2.6767560895948424e-05,2.8681785902351022e-05,3.0597582537799295e-05,3.2502326810104554e-05,3.438318793485045e-05,3.6227411727687165e-05,3.8022623975622924e-05,3.975713471395896e-05,4.142022333384865e-05,4.300238608709554e-05,4.449553131700642e-05,4.5893112860381714e-05,4.7190197698284095e-05,4.838346931638522e-05,4.947117277596113e-05,5.0453010824161906e-05,5.133000234611806e-05,5.210431513833398e-05,5.2779084562337686e-05,5.335822840010082e-05,5.384626648157946e-05,5.4248151670991684e-05,5.456911681249868e-05,5.481454041455756e-05,5.498983229835115e-05,5.510033919686448e-05,5.5151269371887576e-05,5.514763469156437e-05,5.509420823900355e-05,5.499549535357182e-05,5.485571599129669e-05,5.4678796384191436e-05,5.446836814194138e-05,5.422777314255744e-05,5.396007277804301e-05,5.3668060340181096e-05,5.33542755391151e-05,5.302102033671526e-05,5.267037544434834e-05,5.2304216979499844e-05,5.192423289824334e-05,5.153193892231393e-05,5.112869376258275e-05,5.071571350735225e-05,5.029408509643025e-05,4.9864778842613384e-05,4.942865999305331e-05,4.8986499345793435e-05,4.853898295311766e-05,4.808672095457386e-05,4.763025558974159e-05,4.717006844492304e-05,4.670658698970103e-05,4.624019045933126e-05,4.577121513769944e-05,4.5299959093457385e-05,4.482668641924898e-05,4.435163102087537e-05,4.3874999999999996e-05
PD22,pathway,japan,Transportation,Emissions,"Maritime Transport, Addtl Emissions",EM,Emissions,CO2e,IND,Mt,0.0,0.0,0.0,0.0,0.0,0.0,0.0,0.0,0.0,0.0,0.0,0.0,0.0,0.0,0.0,0.0,0.0,0.0,0.0,0.0,0.0,0.0,0.0,0.0,0.0,0.0,0.0,0.0,0.0,0.0,0.0,0.004135100098403677,0.004140493377868815,0.004145531165341332,0.004150213460821339,0.004154540264308393,0.006414305276209564,0.010298997558295886,0.01643731805441795,0.025630415911869986,0.03887630537428033,0.060519698931467136,0.08919913056817785,0.12650125695066505,0.1740235236016866,0.2331921724696352,0.3001884600149165,0.36956280638216776,0.44899144294260607,0.537122570319089,0.6265074172607112,0.6287723377296468,0.6309507932779901,0.6330427839057426,0.6350483096129063,0.6369673703994775,0.6395796342389873,0.6420946044360532,0.6445122809906739,0.6468326639028478,0.6490557531725764,0.6499500277962178,0.6516137987404103,0.6531856904030834,0.6546657027842384,0.6560538358838772,0.6573500897019965,0.658554464238599,0.6596669594936824,0.6606875754672491,0.6616163121592964,0.6624531695698258,0.6631981476988387,0.663851246546332,0.6644124661123088,0.6648818063967661,0.6652592673997056,0.6655448491211285,0.665738551561032,0.6658403747194191,0.6658503185962867,0.6657683831916379,0.6655945685054696,0.6653288745377832,0.6649713012885803,0.6645218487578581,0.6639805169456193,0.6633473058518613,0.6626222154765851,0.6618052458197924,0.6608963968814804,0.6598956686616515,0.6588030611603036,0.6576185743774388,0.6563422083130549,0.654973962967153,0.6535138383397343,0.6519618344307966,0.650317951240342,0.6485821887683683,0.6467545470148764,0.644835025979868,0.6428236256633404,0.6407203460652958,0.6385251871857324,0.6362381490246507,0.6338592315820523,0.6313884348579348,0.6288257588523004,0.6261712035651469,0.6234247689964766
PD22,pathway,japan,Transportation,Emissions,"Rail Transport, Addtl Emissions",EM,Emissions,CO2e,IND,Mt,0.0,0.0,0.0,0.0,0.0,0.0,0.0,0.0,0.0,0.0,0.0,0.0,0.0,0.0,0.0,0.0,0.0,0.0,0.0,0.0,0.0,0.0,0.0,0.0,0.0,0.0,0.0,0.0,0.0,0.0,0.0,0.0007071796626847843,0.0007081020146139233,0.0007089635707457492,0.000709764331080262,0.0007105042956174479,0.0010969664902037296,0.001761321720380779,0.0028110896376253164,0.004383281770137609,0.006648577269417907,0.010350003447960554,0.015254724085477914,0.02163408722659664,0.02976128601272998,0.039880234563480665,0.051337856120379693,0.06320217033175997,0.07678595671507096,0.09185803222642114,0.10714451729451181,0.1075318611689317,0.10790441792044683,0.10826218754905748,0.10860517005476397,0.10893336543756571,0.10938011154211137,0.10981021860924378,0.11022368663896273,0.11062051563126796,0.11100070558615967,0.11115364331720479,0.11143817934948924,0.11170700230161446,0.11196011217358069,0.11219750896538826,0.11241919267703657,0.11262516330852614,0.1128154208598565,0.11298996533102813,0.11314879672204053,0.11329191503289399,0.1134193202635887,0.11353101241412415,0.1136269914845009,0.11370725747471842,0.11377181038477698,0.1138206502146768,0.11385377696441742,0.11387119063399932,0.11387289122342198,0.11385887873268592,0.11382915316179067,0.11378371451073639,0.1137225627795234,0.11364569796815119,0.11355312007662025,0.1134448291049301,0.11332082505308098,0.11318110792107314,0.11302567770890606,0.11285453441658023,0.11266767804409522,0.11246510859145141,0.11224682605864846,0.11201283044568654,0.11176312175256581,0.11149769997928594,0.11121656512584728,0.11091971719224945,0.11060715617849264,0.11027888208457708,0.10993489491050233,0.10957519465626878,0.1091997813218761,0.10880865490732441,0.10840181541261396,0.10797926283774435,0.10754099718271593,0.10708701844752834,0.106617326632182
PD22,pathway,japan,Transportation,Emissions,"Road Transport, Addtl Emissions",EM,Emissions,CO2e,IND,Mt,0.0,0.0,0.0,0.0,0.0,0.0,0.0,0.0,0.0,0.0,0.0,0.0,0.0,0.0,0.0,0.0,0.0,0.0,0.0,0.0,0.0,0.0,0.0,0.0,0.0,0.0,0.0,0.0,0.0,0.0,0.0,0.03109788662168711,0.031138446605565306,0.031176333123403843,0.031211546175201832,0.031244085760963713,0.04823857548537891,0.0774532782189592,0.12361631908698367,0.1927527143542873,0.29236799787897105,0.4551364394965667,0.6708191780491655,0.9513486137061675,1.3087382838835637,1.7537141950505397,2.2575576098596124,2.779285139167843,3.376625632865971,4.039412927435521,4.711628779467836,4.728662040640228,4.745045045172311,4.760777793064095,4.775860284315596,4.790292518926785,4.809937964689602,4.8288517167594645,4.8470337751363655,4.864484139820291,4.881202810811253,4.887928174210652,4.900440509814554,4.912261870251814,4.923392255522443,4.933831665626455,4.943580100563825,4.9526375603345745,4.961004044938683,4.968679554376173,4.9756640886470205,4.981957647751239,4.987560231688836,4.9924718404597925,4.99669247406413,5.000222132501825,5.003060815772889,5.005208523877334,5.00666525681514,5.007431014586325,5.007505797190868,5.006889604628793,5.005582436900077,5.003584294004729,5.000895175942762,4.997515082714154,4.993444014318927,4.988681970757058,4.9832289520285595,4.977084958133441,4.9702499890716805,4.9627240448433,4.954507125448279,4.945599230886637,4.9360003611583565,4.925710516263446,4.914729696201912,4.9030579009737405,4.890695130578948,4.877641385017514,4.8638966642894506,4.849460968394767,4.834334297333442,4.818516651105496,4.802008029710913,4.7848084331496965,4.7669178614218595,4.748336314527384,4.729063792466285,4.709100295238548,4.688445822844189
PD22,pathway,japan,Transportation,Natural gas,Natural gas,NATGAS,Final consumption,CO2e,HEAVYROAD,Mt,0.0,0.0,0.0,0.0,0.0,0.0,0.0,0.0,0.0,0.0,0.0,0.0,0.0,0.0,0.0,0.0,0.0,0.0,0.0,0.0,0.0,0.0,0.0,0.0,0.0,0.0,0.0,0.0,0.0,0.0,0.0,0.0,0.00016985880738165302,0.0003815172073452257,0.0006400538107866199,0.0009508512373432657,0.0013110720626497568,0.0017304771677163627,0.0022141613296547784,0.0027669728406631323,0.0033933268902081003,0.004120373440967724,0.004934618718034925,0.005838687066971673,0.0068341165337559955,0.007921313375916568,0.009348763814442905,0.010915155988066558,0.012619416212807846,0.014459070806182927,0.016430330187147384,0.01864587639886035,0.020998007247505206,0.023479074082336907,0.026080022627408852,0.028790403530311096,0.03258892982276407,0.03656617469612571,0.040703225186711156,0.04497941896907608,0.049372740861693645,0.05188448716626089,0.05576044462560041,0.05965394887131806,0.06354651474913073,0.06742075057875506,0.0712606399347923,0.07505175027707534,0.07878136644566047,0.08243855243728536,0.08601414896713941,0.08950071697593966,0.09289243854696703,0.09618498686026646,0.09937537610645697,0.10246180099741209,0.10544347390733637,0.10832046596985884,0.11109355680388365,0.11376409604817819,0.11633387861027934,0.11880503450126018,0.12117993332984635,0.12346110294641383,0.125651161329674,0.12775276056323728,0.129768541622927,0.13170109865940882,0.1335529514884329,0.13532652507215767,0.13702413487283704,0.1386479770720423,0.14020012276526117,0.1416825153569167,0.14309697048992503,0.14444517794471512,0.14572870503344093,0.1469490010956672,0.14810740277217924,0.14920513979425887,0.15024334107752757,0.1512230409532662,0.15214518540671557,0.15301063822228103,0.15382018696061855,0.1545745487129675,0.15527437559467963,0.15592025995309225,0.1565127392754281,0.1570523007906443,0.15753938576550544
PD22,pathway,japan,Transportation,Natural gas,Natural gas,NATGAS,Final consumption,CO2e,LIGHTROAD,Mt,0.0,0.0,0.0,0.0,0.0,0.0,0.0,0.0,0.0,0.0,0.0,0.0,0.0,0.0,0.0,0.0,0.0,0.0,0.0,0.0,0.0,0.0,0.0,0.0,0.0,0.0,0.0,0.0,0.0,0.0,0.0,0.0,0.00027908681430827836,0.0006268525232402469,0.0010516415474232585,0.0015622978095857915,0.0021541592745989158,0.002843263575294186,0.0036379816942284093,0.004546279626484642,0.005575411756935926,0.00676998687984616,0.00810783402445521,0.009593265126386696,0.011228807274808891,0.013015127971873826,0.015360502943076483,0.017934166378212893,0.020734354158918597,0.023757001896807378,0.026995883114032365,0.030636140241179242,0.034500812997944524,0.0385773342551748,0.04285082736873987,0.04730412351165554,0.05354529886410551,0.06008011809744905,0.06687750623320658,0.07390351400096151,0.08112196931771465,0.08524889853203085,0.09161729730037343,0.09801452634715202,0.10441021360688235,0.11077578364847218,0.11708492065580312,0.12331391121819188,0.1294418636695729,0.13545080959041708,0.14132569980159415,0.14705431154357387,0.15262708567798672,0.15803691301564216,0.16327888771714866,0.16835004360065256,0.1732490865561957,0.17797613346001326,0.1825324652663265,0.18692029950150255,0.19114258529154887,0.19520282235493155,0.19910490408146417,0.20285298386018402,0.20645136316564966,0.2099043995085343,0.2132164321488419,0.2163917234104183,0.21943441348099463,0.22234848669894025,0.22513774748861234,0.2278058042900313,0.23035606002030645,0.232791707793517,0.23511573080497222,0.2373309054513984,0.23943980690780625,0.2414448165141343,0.24334813044039252,0.24515176919874135,0.24685758765599217,0.24846728527198778,0.2499824163494537,0.25140440013088683,0.25273453061921797,0.2539739860324779,0.2551238378299504,0.25618505926897717,0.2571585334688914,0.25804506097209406,0.25884536680272424
PD22,pathway,japan,Transportation,Natural gas,Natural gas,NATGAS,Final consumption,CO2e,MEDIUMROAD,Mt,0.0,0.0,0.0,0.0,0.0,0.0,0.0,0.0,0.0,0.0,0.0,0.0,0.0,0.0,0.0,0.0,0.0,0.0,0.0,0.0,0.0,0.0,0.0,0.0,0.0,0.0,0.0,0.0,0.0,0.0,0.0,0.0,1.1570763445616647e-05,2.5988910582099532e-05,4.36003958301514e-05,6.477188265281058e-05,8.931008601156375e-05,0.00011787991605697289,0.00015082842845059747,0.00018848588832855086,0.00023115305791608274,0.0002806793897116983,0.0003361456892394367,0.0003977307266329476,0.000465539273416621,0.0005395990038090305,0.0006368367721010151,0.0007435392362443159,0.0008596332570032588,0.0009849503273966572,0.0011192323015767978,0.0012701550680422574,0.0014303819650889104,0.0015993919674616415,0.0017765682988698122,0.00196119915056615,0.0022199543475997317,0.002490883834885947,0.002772699263399941,0.0030639931177844732,0.0033632657262734084,0.0035343656107807136,0.003798395410463242,0.004063620495321392,0.00432878165866013,0.0045926941811141025,0.004854267025530809,0.005112517048847093,0.005366578095753436,0.0056157052068995465,0.005859274452802409,0.006096779085554472,0.0063278227893029315,0.006552110821544036,0.006769439789268184,0.006979686716444965,0.007182797950091032,0.007378778335821448,0.007567680981190983,0.007749597823445381,0.007924651131490417,0.00809298600144824,0.008254763850806972,0.008410156876458704,0.00855934341482793,0.008702504125561122,0.008839818911643526,0.00897146448633575,0.00909761249921205,0.009218428138430358,0.009334069133027046,0.009444685086651382,0.009550417082102258,0.009651397503877156,0.009747750033373644,0.00983958977825035,0.009927023503640393,0.010010149938396945,0.010089060134344633,0.010163837860644336,0.010234560018905147,0.010301297067661185,0.01036411344732395,0.010423067998792985,0.010478214370614341,0.01052960141096509,0.010577273541871908,0.010621271113970862,0.010661630740832977,0.010698385612441713,0.010731565787840971
PD22,pathway,japan,Transportation,Natural gas,Natural gas,NATGAS,Final consumption,CO2e,TTROAD,Mt,0.0,0.0,0.0,0.0,0.0,0.0,0.0,0.0,0.0,0.0,0.0,0.0,0.0,0.0,0.0,0.0,0.0,0.0,0.0,0.0,0.0,0.0,0.0,0.0,0.0,0.0,0.0,0.0,0.0,0.0,0.0,0.0,2.3141526891233403e-06,5.197782116419939e-06,8.72007916603027e-06,1.295437653056218e-05,1.786201720231276e-05,2.3575983211394642e-05,3.0165685690119505e-05,3.7697177665710216e-05,4.6230611583216656e-05,5.613587794233972e-05,6.722913784788732e-05,7.954614532658958e-05,9.310785468332421e-05,0.0001079198007618062,0.00012736735442020296,0.00014870784724886312,0.00017192665140065188,0.0001969900654793315,0.00022384646031535944,0.0002540310136084515,0.00028607639301778207,0.0003198783934923283,0.0003553136597739624,0.00039223983011323006,0.00044399086951994634,0.0004981767669771896,0.0005545398526799883,0.0006127986235568946,0.0006726531452546818,0.0007068731221561428,0.0007596790820926485,0.0008127240990642786,0.0008657563317320259,0.0009185388362228206,0.0009708534051061618,0.0010225034097694186,0.0010733156191506874,0.0011231410413799093,0.0011718548905604816,0.0012193558171108942,0.0012655645578605863,0.0013104221643088073,0.0013538879578536371,0.0013959373432889932,0.0014365595900182066,0.0014757556671642893,0.001513536196238197,0.0015499195646890762,0.0015849302262980836,0.0016185972002896482,0.0016509527701613945,0.0016820313752917413,0.0017118686829655858,0.0017405008251122243,0.0017679637823287057,0.00179429289726715,0.0018195224998424095,0.0018436856276860716,0.0018668138266054088,0.0018889370173302761,0.0019100834164204514,0.0019302795007754307,0.001949550006674728,0.001967917955650069,0.001985404700728078,0.002002029987679389,0.0020178120268689263,0.0020327675721288664,0.002046912003781029,0.0020602594135322363,0.0020728226894647893,0.0020846135997585964,0.002095642874122868,0.0021059202821930166,0.0021154547083743814,0.0021242542227941715,0.002132326148166595,0.0021396771224883415,0.0021463131575681933
PD22,pathway,japan,Transportation,Oil products,Aviation gasoline,AVGAS,Final consumption,CO2e,LDOMESAIR,Mt,0.0,0.0,0.0,0.0,0.0,0.0,0.0,0.0,0.0,0.0,0.0,0.0,0.0,0.0,0.0,0.0,0.0,0.0,0.0,0.0,0.0,0.0,0.0,0.0,0.0,0.0,0.0,0.0,0.0,0.0,0.0,0.0,1.1523568595758521e-05,2.573338911012943e-05,4.301916218675051e-05,6.378530645166061e-05,8.465664770418262e-05,0.00010766082874878507,0.00013278712172093638,0.0001599478167886579,0.0001889653836383699,0.00021971014443171075,0.00025170746486558634,0.00028449596228971303,0.00031754135935988366,0.000350264060466332,0.0003826514373286605,0.0004136627165103847,0.0004427875203656443,0.0004696018408570784,0.0004937872465386878,0.0005170189217338179,0.000537484242908814,0.0005551611498089176,0.000570111825169154,0.0005824644228761607,0.0005932506159914265,0.0006018464034114986,0.0006084626792755652,0.0006133140793142168,0.0006166100526694281,0.0006170758182404068,0.0006173844490793313,0.0006166854919320606,0.0006151281815997251,0.0006128438244907576,0.0006099467923251191,0.0006065358823721671,0.000602695854699907,0.00059849901414993,0.0005940067496986574,0.0005892709776129326,0.0005843354591471303,0.0005792369803948746,0.0005740063930872127,0.0005686695221323222,0.0005632479497278955,0.0005577596878733976,0.0005522197517524121,0.0005466406462414448,0.0005410327770784528,0.0005354047972298086,0.0005297638978857619,0.0005241160523925196,0.0005184662203542619,0.0005128185181451573,0.0005071763611755754,0.0005015425824629918,0.0004959195313642327,0.0004903091557251755,0.0004847130701886544,0.0004791326129614554,0.00047356889296810246,0.0004680228290036033,0.0004624951822314884,0.000456986583150164,0.0004514975539632601,0.00044602852713310903,0.0004405798607654365,0.0004351518513641913,0.0004297447444043468,0.0004243587430946785,0.000418994015639428,0.0004136507012552196,0.00040832891515606867,0.00040302875268297366,0.00039775029272453693,0.0003924936005500528,0.0003872587301557488,0.0003820457262076811,0.0003768546256504396
PD22,pathway,japan,Transportation,Oil products,Aviation gasoline,AVGAS,Final consumption,CO2e,SDOMESAIR,Mt,0.0,0.0,0.0,0.0,0.0,0.0,0.0,0.0,0.0,0.0,0.0,0.0,0.0,0.0,0.0,0.0,0.0,0.0,0.0,0.0,0.0,0.0,0.0,0.0,0.0,0.0,0.0,0.0,0.0,0.0,0.0,0.0,5.874209357350103e-05,0.00013117752009797652,0.00021929280236660572,0.00032514948898529437,0.0004315424236627846,0.0005488076392316122,0.0006768904497481886,0.0008153437489958415,0.0009632625653760805,0.0011199858582006724,0.0012830941501684769,0.0014502355150865852,0.0016186864416150152,0.0017854924057917896,0.001950589034187562,0.0021086709207480576,0.0022571363843029183,0.0023938240180275457,0.0025171105982094077,0.0026355354790821447,0.002739858701657125,0.00282996781244058,0.002906179791715932,0.0029691479117345755,0.003024131188834345,0.0030679487393415424,0.003101675608990076,0.003126405916504179,0.0031432073416563537,0.0031455816100547577,0.003147154874575129,0.0031435918978975786,0.0031356534135205502,0.00312400876386752,0.0031092409657548755,0.003091853644287389,0.0030722788690800136,0.0030508852184715943,0.0030279856265126685,0.0030038447395390956,0.0029786856332134205,0.002952695826890946,0.0029260325891518895,0.0028988275640403744,0.002871190768125126,0.00284321401867171,0.0028149738564940035,0.002786534025962488,0.002757947570960894,0.002729258600512927,0.0027005037721493717,0.0026717135353667466,0.0026429131720497752,0.002614123665666778,0.002585362426480372,0.0025566438959698855,0.0025279800501249914,0.0024993808182088213,0.0024708544309616776,0.0024424077099742493,0.0024140463080569133,0.0023857749088232465,0.002357597392350759,0.0023295169726435198,0.002301536311666375,0.0022736576139224343,0.0022458827048774687,0.0022182130959784384,0.0021906500385489875,0.0021631945684582395,0.0021358475431375724,0.002108609672252217,0.002081481543112643,0.0020544636417254027,0.0020275563702299567,0.0020007600613405137,0.0019740749903061345,0.001947501384814765,0.0019210394331937045
PD22,pathway,japan,Transportation,Oil products,Fuel oil,RESFUEL,Final consumption,CO2e,DOMESNAV,Mt,0.0,0.0,0.0,0.0,0.0,0.0,0.0,0.0,0.0,0.0,0.0,0.0,0.0,0.0,0.0,0.0,0.0,0.0,0.0,0.0,0.0,0.0,0.0,0.0,0.0,0.0,0.0,0.0,0.0,0.0,0.0,0.0,0.08424782941122633,0.188134618014149,0.3145094340530239,0.4663289476890151,0.6189175475497528,0.787099157637444,0.9707953474473818,1.169364877861593,1.3815098398643526,1.6062821698142677,1.840211856710189,2.0799257712570234,2.3215178572553365,2.56075074052253,2.7975320967752144,3.02425291998335,3.2371818826083887,3.433219097969935,3.6100365408630575,3.7798813413267545,3.929501562950776,4.058735925089794,4.168039040428162,4.258347831125901,4.337204771145846,4.400047841519719,4.448418871353189,4.483887044208288,4.507983624939016,4.511388797394352,4.51364517119494,4.508535154968658,4.4971497916475025,4.480449051210079,4.459269095568614,4.4343322231522775,4.406258107605637,4.375575363472824,4.342732800336589,4.308109973606037,4.272026818088058,4.234752273782841,4.1965118950707625,4.15749448565795,4.117857831155205,4.077733615757897,4.037231614195495,3.996443248556034,3.9554445943042507,3.9142989125409713,3.873058777446183,3.831767859645705,3.790462418383664,3.7491725481213223,3.7079232186332627,3.6667351418691747,3.6256254937768957,3.5846085148918867,3.5436960097305086,3.502897761808703,3.462221878379298,3.4216750766744113,3.381262921495846,3.3409900223637954,3.3008601970645604,3.260876607293456,3.221041871130969,3.1813581562922386,3.141827257423906,3.1024506601680364,3.063229594251526,3.02416507747527,2.985257952159132,2.9465089153330357,2.9079185437448425,2.8694873145728064,2.8312156225787546,2.7931037943124224,2.7551520998725616
PD22,pathway,japan,Transportation,Oil products,Fuel oil,RESFUEL,Final consumption,CO2e,HEAVYRAIL,Mt,0.0,0.0,0.0,0.0,0.0,0.0,0.0,0.0,0.0,0.0,0.0,0.0,0.0,0.0,0.0,0.0,0.0,0.0,0.0,0.0,0.0,0.0,0.0,0.0,0.0,0.0,0.0,0.0,0.0,0.0,0.0,0.0,1.003451614831134e-06,2.240817212399116e-06,3.7460312234238312e-06,5.554309694045387e-06,7.371748529029512e-06,9.374911214724886e-06,1.1562863587994554e-05,1.3927968034517567e-05,1.6454765534081353e-05,1.9131963973897162e-05,2.19182330530312e-05,2.477339640062796e-05,2.76509301070706e-05,3.050036402973484e-05,3.332059852069023e-05,3.60210049021244e-05,3.855714040714128e-05,4.089208317891712e-05,4.2998104780202144e-05,4.502107724711368e-05,4.680316058444432e-05,4.8342433824910625e-05,4.964431172917088e-05,5.0719953707040275e-05,5.165919599205412e-05,5.2407701691112605e-05,5.298383508631879e-05,5.340628627082155e-05,5.3693293698967086e-05,5.373385172666897e-05,5.3760726744692414e-05,5.369986281419223e-05,5.356425503307912e-05,5.3365337327092794e-05,5.3113068979777386e-05,5.2816053079547224e-05,5.248167038058502e-05,5.211621705837255e-05,5.172503875449739e-05,5.131265624404468e-05,5.08828801782901e-05,5.043891382406399e-05,4.99834436945834e-05,4.951871857637641e-05,4.904661780837747e-05,4.8568709843084594e-05,4.808630217566199e-05,4.760048370825128e-05,4.711216055378702e-05,4.662208619700852e-05,4.613088683382106e-05,4.563908261246236e-05,4.51471054063388e-05,4.465531366190492e-05,4.4164004786949136e-05,4.367342547553479e-05,4.318378030542621e-05,4.2695238891537e-05,4.2207941834059315e-05,4.17220056616318e-05,4.123752693740627e-05,4.075458566839851e-05,4.027324813535893e-05,3.979356924095405e-05,3.931559445773617e-05,3.8839361443746906e-05,3.8364901382188407e-05,3.789224009209092e-05,3.742139894897336e-05,3.6952395647890163e-05,3.6485244835764e-05,3.601995863532796e-05,3.555654707921119e-05,3.509501846953622e-05,3.463537967578057e-05,3.417763638147694e-05,3.372179328851964e-05,3.3267854286348474e-05,3.281582259203183e-05
PD22,pathway,japan,Transportation,Oil products,Fuel oil,RESFUEL,Final consumption,CO2e,HEAVYROAD,Mt,0.0,0.0,0.0,0.0,0.0,0.0,0.0,0.0,0.0,0.0,0.0,0.0,0.0,0.0,0.0,0.0,0.0,0.0,0.0,0.0,0.0,0.0,0.0,0.0,0.0,0.0,0.0,0.0,0.0,0.0,0.0,0.0,1.003451614831134e-06,2.240817212399116e-06,3.7460312234238312e-06,5.554309694045387e-06,7.371748529029512e-06,9.374911214724886e-06,1.1562863587994554e-05,1.3927968034517567e-05,1.6454765534081353e-05,1.9131963973897162e-05,2.19182330530312e-05,2.477339640062796e-05,2.76509301070706e-05,3.050036402973484e-05,3.332059852069023e-05,3.60210049021244e-05,3.855714040714128e-05,4.089208317891712e-05,4.2998104780202144e-05,4.502107724711368e-05,4.680316058444432e-05,4.8342433824910625e-05,4.964431172917088e-05,5.0719953707040275e-05,5.165919599205412e-05,5.2407701691112605e-05,5.298383508631879e-05,5.340628627082155e-05,5.3693293698967086e-05,5.373385172666897e-05,5.3760726744692414e-05,5.369986281419223e-05,5.356425503307912e-05,5.3365337327092794e-05,5.3113068979777386e-05,5.2816053079547224e-05,5.248167038058502e-05,5.211621705837255e-05,5.172503875449739e-05,5.131265624404468e-05,5.08828801782901e-05,5.043891382406399e-05,4.99834436945834e-05,4.951871857637641e-05,4.904661780837747e-05,4.8568709843084594e-05,4.808630217566199e-05,4.760048370825128e-05,4.711216055378702e-05,4.662208619700852e-05,4.613088683382106e-05,4.563908261246236e-05,4.51471054063388e-05,4.465531366190492e-05,4.4164004786949136e-05,4.367342547553479e-05,4.318378030542621e-05,4.2695238891537e-05,4.2207941834059315e-05,4.17220056616318e-05,4.123752693740627e-05,4.075458566839851e-05,4.027324813535893e-05,3.979356924095405e-05,3.931559445773617e-05,3.8839361443746906e-05,3.8364901382188407e-05,3.789224009209092e-05,3.742139894897336e-05,3.6952395647890163e-05,3.6485244835764e-05,3.601995863532796e-05,3.555654707921119e-05,3.509501846953622e-05,3.463537967578057e-05,3.417763638147694e-05,3.372179328851964e-05,3.3267854286348474e-05,3.281582259203183e-05
PD22,pathway,japan,Transportation,Oil products,Fuel oil,RESFUEL,Final consumption,CO2e,LIGHTRAIL,Mt,0.0,0.0,0.0,0.0,0.0,0.0,0.0,0.0,0.0,0.0,0.0,0.0,0.0,0.0,0.0,0.0,0.0,0.0,0.0,0.0,0.0,0.0,0.0,0.0,0.0,0.0,0.0,0.0,0.0,0.0,0.0,0.0,1.003451614831134e-06,2.240817212399116e-06,3.7460312234238312e-06,5.554309694045387e-06,7.371748529029512e-06,9.374911214724886e-06,1.1562863587994554e-05,1.3927968034517567e-05,1.6454765534081353e-05,1.9131963973897162e-05,2.19182330530312e-05,2.477339640062796e-05,2.76509301070706e-05,3.050036402973484e-05,3.332059852069023e-05,3.60210049021244e-05,3.855714040714128e-05,4.089208317891712e-05,4.2998104780202144e-05,4.502107724711368e-05,4.680316058444432e-05,4.8342433824910625e-05,4.964431172917088e-05,5.0719953707040275e-05,5.165919599205412e-05,5.2407701691112605e-05,5.298383508631879e-05,5.340628627082155e-05,5.3693293698967086e-05,5.373385172666897e-05,5.3760726744692414e-05,5.369986281419223e-05,5.356425503307912e-05,5.3365337327092794e-05,5.3113068979777386e-05,5.2816053079547224e-05,5.248167038058502e-05,5.211621705837255e-05,5.172503875449739e-05,5.131265624404468e-05,5.08828801782901e-05,5.043891382406399e-05,4.99834436945834e-05,4.951871857637641e-05,4.904661780837747e-05,4.8568709843084594e-05,4.808630217566199e-05,4.760048370825128e-05,4.711216055378702e-05,4.662208619700852e-05,4.613088683382106e-05,4.563908261246236e-05,4.51471054063388e-05,4.465531366190492e-05,4.4164004786949136e-05,4.367342547553479e-05,4.318378030542621e-05,4.2695238891537e-05,4.2207941834059315e-05,4.17220056616318e-05,4.123752693740627e-05,4.075458566839851e-05,4.027324813535893e-05,3.979356924095405e-05,3.931559445773617e-05,3.8839361443746906e-05,3.8364901382188407e-05,3.789224009209092e-05,3.742139894897336e-05,3.6952395647890163e-05,3.6485244835764e-05,3.601995863532796e-05,3.555654707921119e-05,3.509501846953622e-05,3.463537967578057e-05,3.417763638147694e-05,3.372179328851964e-05,3.3267854286348474e-05,3.281582259203183e-05
PD22,pathway,japan,Transportation,Oil products,Fuel oil,RESFUEL,Final consumption,CO2e,LIGHTROAD,Mt,0.0,0.0,0.0,0.0,0.0,0.0,0.0,0.0,0.0,0.0,0.0,0.0,0.0,0.0,0.0,0.0,0.0,0.0,0.0,0.0,0.0,0.0,0.0,0.0,0.0,0.0,0.0,0.0,0.0,0.0,0.0,0.0,1.003451614831134e-06,2.240817212399116e-06,3.7460312234238312e-06,5.554309694045387e-06,7.371748529029512e-06,9.374911214724886e-06,1.1562863587994554e-05,1.3927968034517567e-05,1.6454765534081353e-05,1.9131963973897162e-05,2.19182330530312e-05,2.477339640062796e-05,2.76509301070706e-05,3.050036402973484e-05,3.332059852069023e-05,3.60210049021244e-05,3.855714040714128e-05,4.089208317891712e-05,4.2998104780202144e-05,4.502107724711368e-05,4.680316058444432e-05,4.8342433824910625e-05,4.964431172917088e-05,5.0719953707040275e-05,5.165919599205412e-05,5.2407701691112605e-05,5.298383508631879e-05,5.340628627082155e-05,5.3693293698967086e-05,5.373385172666897e-05,5.3760726744692414e-05,5.369986281419223e-05,5.356425503307912e-05,5.3365337327092794e-05,5.3113068979777386e-05,5.2816053079547224e-05,5.248167038058502e-05,5.211621705837255e-05,5.172503875449739e-05,5.131265624404468e-05,5.08828801782901e-05,5.043891382406399e-05,4.99834436945834e-05,4.951871857637641e-05,4.904661780837747e-05,4.8568709843084594e-05,4.808630217566199e-05,4.760048370825128e-05,4.711216055378702e-05,4.662208619700852e-05,4.613088683382106e-05,4.563908261246236e-05,4.51471054063388e-05,4.465531366190492e-05,4.4164004786949136e-05,4.367342547553479e-05,4.318378030542621e-05,4.2695238891537e-05,4.2207941834059315e-05,4.17220056616318e-05,4.123752693740627e-05,4.075458566839851e-05,4.027324813535893e-05,3.979356924095405e-05,3.931559445773617e-05,3.8839361443746906e-05,3.8364901382188407e-05,3.789224009209092e-05,3.742139894897336e-05,3.6952395647890163e-05,3.6485244835764e-05,3.601995863532796e-05,3.555654707921119e-05,3.509501846953622e-05,3.463537967578057e-05,3.417763638147694e-05,3.372179328851964e-05,3.3267854286348474e-05,3.281582259203183e-05
PD22,pathway,japan,Transportation,Oil products,Fuel oil,RESFUEL,Final consumption,CO2e,MARBUNK,Mt,0.0,0.0,0.0,0.0,0.0,0.0,0.0,0.0,0.0,0.0,0.0,0.0,0.0,0.0,0.0,0.0,0.0,0.0,0.0,0.0,0.0,0.0,0.0,0.0,0.0,0.0,0.0,0.0,0.0,0.0,0.0,0.0,0.20219507532636527,0.45152371908824485,0.754823704701078,1.1191910505445577,1.4854042059267627,1.8890406385546648,2.329912114951881,2.8064796590680263,3.315628284878711,3.855082636440338,4.416514675622263,4.991828880715818,5.5716507036407315,6.145810432037363,6.714086487313547,7.258217229280387,7.769247459234295,8.239737438665362,8.664099899213548,9.071727994365087,9.430817031946702,9.74097993786452,10.003307784097483,10.220049186996226,10.409306109563484,10.560129690856758,10.676220325940697,10.761344060667676,10.819175935862654,10.827348361264203,10.832763666011676,10.82049960979785,10.793174699347015,10.75309286585231,10.702260900729122,10.64241232264868,10.57503435045231,10.50139566083252,10.422573398304806,10.339478497133822,10.25287880193741,10.163419769624996,10.071642731471806,9.978000817010656,9.88287271224075,9.786574459676052,9.689369519038284,9.591477303647727,9.49308039487687,9.394330619581499,9.295354155971275,9.196255813695764,9.097122615063412,8.998026786882967,8.899028256697822,8.800176733257222,8.70151343889404,8.603072550941507,8.504882400278788,8.406966467377204,8.30934420967095,8.212031748539804,8.115042439526912,8.018387345496304,7.92207562914802,7.826114878561493,7.730511377138736,7.635270327403415,7.540396036513534,7.44589207001507,7.351761379256731,7.258006406964105,7.164629174707711,7.071631355361721,6.979014333122955,6.88677925322083,6.79492706308507,6.703458546436141,6.612374351511963
PD22,pathway,japan,Transportation,Oil products,Fuel oil,RESFUEL,Final consumption,CO2e,MEDIUMROAD,Mt,0.0,0.0,0.0,0.0,0.0,0.0,0.0,0.0,0.0,0.0,0.0,0.0,0.0,0.0,0.0,0.0,0.0,0.0,0.0,0.0,0.0,0.0,0.0,0.0,0.0,0.0,0.0,0.0,0.0,0.0,0.0,0.0,1.003451614831134e-06,2.240817212399116e-06,3.7460312234238312e-06,5.554309694045387e-06,7.371748529029512e-06,9.374911214724886e-06,1.1562863587994554e-05,1.3927968034517567e-05,1.6454765534081353e-05,1.9131963973897162e-05,2.19182330530312e-05,2.477339640062796e-05,2.76509301070706e-05,3.050036402973484e-05,3.332059852069023e-05,3.60210049021244e-05,3.855714040714128e-05,4.089208317891712e-05,4.2998104780202144e-05,4.502107724711368e-05,4.680316058444432e-05,4.8342433824910625e-05,4.964431172917088e-05,5.0719953707040275e-05,5.165919599205412e-05,5.2407701691112605e-05,5.298383508631879e-05,5.340628627082155e-05,5.3693293698967086e-05,5.373385172666897e-05,5.3760726744692414e-05,5.369986281419223e-05,5.356425503307912e-05,5.3365337327092794e-05,5.3113068979777386e-05,5.2816053079547224e-05,5.248167038058502e-05,5.211621705837255e-05,5.172503875449739e-05,5.131265624404468e-05,5.08828801782901e-05,5.043891382406399e-05,4.99834436945834e-05,4.951871857637641e-05,4.904661780837747e-05,4.8568709843084594e-05,4.808630217566199e-05,4.760048370825128e-05,4.711216055378702e-05,4.662208619700852e-05,4.613088683382106e-05,4.563908261246236e-05,4.51471054063388e-05,4.465531366190492e-05,4.4164004786949136e-05,4.367342547553479e-05,4.318378030542621e-05,4.2695238891537e-05,4.2207941834059315e-05,4.17220056616318e-05,4.123752693740627e-05,4.075458566839851e-05,4.027324813535893e-05,3.979356924095405e-05,3.931559445773617e-05,3.8839361443746906e-05,3.8364901382188407e-05,3.789224009209092e-05,3.742139894897336e-05,3.6952395647890163e-05,3.6485244835764e-05,3.601995863532796e-05,3.555654707921119e-05,3.509501846953622e-05,3.463537967578057e-05,3.417763638147694e-05,3.372179328851964e-05,3.3267854286348474e-05,3.281582259203183e-05
PD22,pathway,japan,Transportation,Oil products,Fuel oil,RESFUEL,Final consumption,CO2e,TRNONSPE,Mt,0.0,0.0,0.0,0.0,0.0,0.0,0.0,0.0,0.0,0.0,0.0,0.0,0.0,0.0,0.0,0.0,0.0,0.0,0.0,0.0,0.0,0.0,0.0,0.0,0.0,0.0,0.0,0.0,0.0,0.0,0.0,0.0,1.003451614831134e-06,2.240817212399116e-06,3.7460312234238312e-06,5.554309694045387e-06,7.371748529029512e-06,9.374911214724886e-06,1.1562863587994554e-05,1.3927968034517567e-05,1.6454765534081353e-05,1.9131963973897162e-05,2.19182330530312e-05,2.477339640062796e-05,2.76509301070706e-05,3.050036402973484e-05,3.332059852069023e-05,3.60210049021244e-05,3.855714040714128e-05,4.089208317891712e-05,4.2998104780202144e-05,4.502107724711368e-05,4.680316058444432e-05,4.8342433824910625e-05,4.964431172917088e-05,5.0719953707040275e-05,5.165919599205412e-05,5.2407701691112605e-05,5.298383508631879e-05,5.340628627082155e-05,5.3693293698967086e-05,5.373385172666897e-05,5.3760726744692414e-05,5.369986281419223e-05,5.356425503307912e-05,5.3365337327092794e-05,5.3113068979777386e-05,5.2816053079547224e-05,5.248167038058502e-05,5.211621705837255e-05,5.172503875449739e-05,5.131265624404468e-05,5.08828801782901e-05,5.043891382406399e-05,4.99834436945834e-05,4.951871857637641e-05,4.904661780837747e-05,4.8568709843084594e-05,4.808630217566199e-05,4.760048370825128e-05,4.711216055378702e-05,4.662208619700852e-05,4.613088683382106e-05,4.563908261246236e-05,4.51471054063388e-05,4.465531366190492e-05,4.4164004786949136e-05,4.367342547553479e-05,4.318378030542621e-05,4.2695238891537e-05,4.2207941834059315e-05,4.17220056616318e-05,4.123752693740627e-05,4.075458566839851e-05,4.027324813535893e-05,3.979356924095405e-05,3.931559445773617e-05,3.8839361443746906e-05,3.8364901382188407e-05,3.789224009209092e-05,3.742139894897336e-05,3.6952395647890163e-05,3.6485244835764e-05,3.601995863532796e-05,3.555654707921119e-05,3.509501846953622e-05,3.463537967578057e-05,3.417763638147694e-05,3.372179328851964e-05,3.3267854286348474e-05,3.281582259203183e-05
PD22,pathway,japan,Transportation,Oil products,Fuel oil,RESFUEL,Final consumption,CO2e,TTROAD,Mt,0.0,0.0,0.0,0.0,0.0,0.0,0.0,0.0,0.0,0.0,0.0,0.0,0.0,0.0,0.0,0.0,0.0,0.0,0.0,0.0,0.0,0.0,0.0,0.0,0.0,0.0,0.0,0.0,0.0,0.0,0.0,0.0,1.003451614831134e-06,2.240817212399116e-06,3.7460312234238312e-06,5.554309694045387e-06,7.371748529029512e-06,9.374911214724886e-06,1.1562863587994554e-05,1.3927968034517567e-05,1.6454765534081353e-05,1.9131963973897162e-05,2.19182330530312e-05,2.477339640062796e-05,2.76509301070706e-05,3.050036402973484e-05,3.332059852069023e-05,3.60210049021244e-05,3.855714040714128e-05,4.089208317891712e-05,4.2998104780202144e-05,4.502107724711368e-05,4.680316058444432e-05,4.8342433824910625e-05,4.964431172917088e-05,5.0719953707040275e-05,5.165919599205412e-05,5.2407701691112605e-05,5.298383508631879e-05,5.340628627082155e-05,5.3693293698967086e-05,5.373385172666897e-05,5.3760726744692414e-05,5.369986281419223e-05,5.356425503307912e-05,5.3365337327092794e-05,5.3113068979777386e-05,5.2816053079547224e-05,5.248167038058502e-05,5.211621705837255e-05,5.172503875449739e-05,5.131265624404468e-05,5.08828801782901e-05,5.043891382406399e-05,4.99834436945834e-05,4.951871857637641e-05,4.904661780837747e-05,4.8568709843084594e-05,4.808630217566199e-05,4.760048370825128e-05,4.711216055378702e-05,4.662208619700852e-05,4.613088683382106e-05,4.563908261246236e-05,4.51471054063388e-05,4.465531366190492e-05,4.4164004786949136e-05,4.367342547553479e-05,4.318378030542621e-05,4.2695238891537e-05,4.2207941834059315e-05,4.17220056616318e-05,4.123752693740627e-05,4.075458566839851e-05,4.027324813535893e-05,3.979356924095405e-05,3.931559445773617e-05,3.8839361443746906e-05,3.8364901382188407e-05,3.789224009209092e-05,3.742139894897336e-05,3.6952395647890163e-05,3.6485244835764e-05,3.601995863532796e-05,3.555654707921119e-05,3.509501846953622e-05,3.463537967578057e-05,3.417763638147694e-05,3.372179328851964e-05,3.3267854286348474e-05,3.281582259203183e-05
PD22,pathway,japan,Transportation,Oil products,Gas/diesel oil excl. biofuels,NONBIODIES,Final consumption,CO2e,DOMESNAV,Mt,0.0,0.0,0.0,0.0,0.0,0.0,0.0,0.0,0.0,0.0,0.0,0.0,0.0,0.0,0.0,0.0,0.0,0.0,0.0,0.0,0.0,0.0,0.0,0.0,0.0,0.0,0.0,0.0,0.0,0.0,0.0,0.0,0.04115166362653344,0.09189616600369144,0.15362516195339415,0.22778286549014393,0.30231623660007134,0.38446616372419173,0.47419433672715217,0.5711875361863132,0.6748117859434006,0.7846039951824277,0.8988692036118642,1.0159597737425237,1.1339677548064295,1.2508233605759664,1.366481494365779,1.4772254639017919,1.5812326663131668,1.6769889320973366,1.7633571149228522,1.8463194434035248,1.9194028815766955,1.9825286503579367,2.03591880969108,2.080031008228235,2.1185494400145157,2.14924574295024,2.172873038310692,2.1901978089188026,2.201968015839391,2.2036313051187895,2.204733452631746,2.202237415993891,2.196676125632676,2.1885184881291586,2.178172934822045,2.1659922793351734,2.1522792072280135,2.1372919253654823,2.1212496591105436,2.104337805958092,2.086712641145692,2.0685055310064695,2.0498266497497255,2.030768220363997,2.011407314750436,1.99180825532246,1.9720246626038656,1.952101192593996,1.9320750050862479,1.9119770005745582,1.891832859423458,1.8716639129707,1.851487872393273,1.831319437620606,1.8111708053795654,1.7910520926214446,1.7709716891033782,1.750936550752056,1.7309524435971777,1.7110241464913252,1.69115561950022,1.6713501437205802,1.651610437333438,1.6319387519033248,1.612336952264727,1.5928065827781683,1.5733489222702768,1.5539650295823884,1.5346557813269384,1.5154219031801013,1.4962639958138226,1.4771825563827508,1.4581779963261357,1.4392506561149563,1.4204008174672593,1.4016287134653598,1.3829345369344723,1.364318447380961,1.3457805767371624
PD22,pathway,japan,Transportation,Oil products,Gas/diesel oil excl. biofuels,NONBIODIES,Final consumption,CO2e,HEAVYRAIL,Mt,0.0,0.0,0.0,0.0,0.0,0.0,0.0,0.0,0.0,0.0,0.0,0.0,0.0,0.0,0.0,0.0,0.0,0.0,0.0,0.0,0.0,0.0,0.0,0.0,0.0,0.0,0.0,0.0,0.0,0.0,0.0,0.0,0.005013112364868344,0.01119482823970358,0.018714679579731608,0.027748601122349892,0.03682828664120186,0.04683582410497117,0.05776654655742053,0.06958229748136008,0.08220584564388239,0.09558077713383323,0.10950061120057872,0.12376463197647333,0.138140412124598,0.15237580944665746,0.16646533024613905,0.1799562055617517,0.19262640517204516,0.20429147233367334,0.214812879419015,0.22491938394576205,0.23382243804578606,0.24151244481904854,0.2480164556980328,0.25339022162728086,0.2580825526206417,0.2618219887027253,0.26470027541294977,0.2668107859998907,0.2682446373840329,0.26844725995911467,0.26858152401646246,0.26827745582019336,0.2675999771712753,0.26660621045972427,0.26534591095698784,0.2638620585619156,0.2621915265522106,0.2603657697929534,0.25841149440683536,0.25635128559193027,0.2542041808611044,0.25198618331437567,0.2497107144186367,0.24738900881578066,0.24503045543608673,0.24264289006206313,0.2402328447676814,0.2378057595649057,0.23536616127484936,0.23291781420822513,0.23046384675746273,0.22800685751478492,0.22554900406296063,0.22309207715335916,0.22063756259619752,0.21818669284258832,0.2157404899361508,0.21329980125069745,0.21086532920630655,0.2084376559647391,0.2060172639428085,0.2036045528450488,0.20119985380137637,0.1988034410982963,0.1964155419107026,0.19403634437322106,0.19166600427303065,0.18930465059861243,0.18695239013924925,0.18460931129710711,0.18227548724628623,0.17995097855036765,0.17763583533104776,0.17533009906463945,0.1730338040701495,0.17074697874176006,0.16846964656951716,0.16620182698455072,0.1639435360589115
PD22,pathway,japan,Transportation,Oil products,Gas/diesel oil excl. biofuels,NONBIODIES,Final consumption,CO2e,HEAVYROAD,Mt,0.0,0.0,0.0,0.0,0.0,0.0,0.0,0.0,0.0,0.0,0.0,0.0,0.0,0.0,0.0,0.0,0.0,0.0,0.0,0.0,0.0,0.0,0.0,0.0,0.0,0.0,0.0,0.0,0.0,0.0,0.0,0.0,0.3009736914394274,0.672107173169735,1.1235786847091163,1.6659508712793496,2.2110706030589284,2.8118960530921093,3.4681470299640083,4.177532719706118,4.935416368228218,5.738411037067156,6.57412018108165,7.430493363094362,8.293576275183892,9.148230982537457,9.994127658492745,10.804083280661514,11.564767755780888,12.26510680046859,12.896783591079549,13.50355075558219,14.038066015273454,14.499753198262367,14.890236399302974,15.212862754138259,15.494577600672425,15.719083217066288,15.891887757069854,16.0185970976833,16.104681652078114,16.116846562806764,16.124907413237885,16.10665198211653,16.065977998571864,16.006314936219376,15.930649966825097,15.841563487131184,15.741269268882242,15.631655777001422,15.51432637477794,15.390637016345952,15.261730662426503,15.128568095810051,14.991955105025006,14.852566187548483,14.71096502933027,14.567622069533737,14.422929476192012,14.277213852892475,14.130746977716653,13.983754849686395,13.83642528901186,13.688914308133395,13.541351442477957,13.393844203908603,13.24648179644736,13.099338213121682,12.952474814662896,12.805942475100101,12.659783365832725,12.514032438276475,12.3687186554305,12.223866014472655,12.079494395546469,11.935620266070963,11.792257265011612,11.649416687461901,11.507107886462197,11.365338606131628,11.224115257809546,11.083443148922626,10.943326672645696,10.803769465052161,10.664774535312947,10.526344373553574,10.388481040194266,10.25118623994484,10.114461383084047,9.978307636204306,9.842725964228032
PD22,pathway,japan,Transportation,Oil products,Gas/diesel oil excl. biofuels,NONBIODIES,Final consumption,CO2e,LIGHTRAIL,Mt,0.0,0.0,0.0,0.0,0.0,0.0,0.0,0.0,0.0,0.0,0.0,0.0,0.0,0.0,0.0,0.0,0.0,0.0,0.0,0.0,0.0,0.0,0.0,0.0,0.0,0.0,0.0,0.0,0.0,0.0,0.0,0.0,0.0014139547695782712,0.003157515657352325,0.005278499368642248,0.007826528521688428,0.010387465462903103,0.01321010423473544,0.01629312851619552,0.019625776212691307,0.02318626415596682,0.026958680730055515,0.030884787774522207,0.034907973121569374,0.038962680342835315,0.042977792408031595,0.046951759813013576,0.05075687849177612,0.05433052453570504,0.05762067168385658,0.06058824804126064,0.06343880060008672,0.06594991842317044,0.06811889469255215,0.06995335929944514,0.07146903686923307,0.07279251484171946,0.07384722758281995,0.07465905203954994,0.0752543242563794,0.07565874387754774,0.07571589383462209,0.07575376318413043,0.07566800035954171,0.075476916638052,0.07519662346299914,0.07484115437248375,0.07442263190207875,0.07395145620703376,0.07343649917237151,0.07288529329423564,0.07230420875669828,0.07169861511467049,0.07107302606302904,0.07043122714371805,0.06977638710188686,0.06911115409735781,0.06843773822263319,0.06775798185755116,0.0670734193644606,0.06638532753906008,0.06569476811001221,0.06500262344441257,0.06430962647852907,0.06361638576134786,0.06292340637658847,0.06223110739892751,0.0615398364427813,0.06084988177686305,0.06016148240404286,0.05947483644280438,0.0587901080926187,0.058107433419766485,0.057426925161423996,0.056748676713208705,0.056072765437980995,0.05539925541071098,0.05472819969501106,0.054059642230854785,0.05339361939960863,0.052730161321326706,0.05206929292995328,0.051411034864337124,0.05075540420651394,0.050102415093372425,0.04945207922335983,0.048804406276196,0.048159404260496426,0.047517079801658674,0.046877438380257874,0.04624048452943655
PD22,pathway,japan,Transportation,Oil products,Gas/diesel oil excl. biofuels,NONBIODIES,Final consumption,CO2e,LIGHTROAD,Mt,0.0,0.0,0.0,0.0,0.0,0.0,0.0,0.0,0.0,0.0,0.0,0.0,0.0,0.0,0.0,0.0,0.0,0.0,0.0,0.0,0.0,0.0,0.0,0.0,0.0,0.0,0.0,0.0,0.0,0.0,0.0,0.0,0.49451535677921754,1.1043068812570738,1.8460979479008017,2.7372435296497173,3.632903470421077,4.620090790230357,5.698345120077111,6.86390253401305,8.109144605018024,9.42850641785148,10.8016198070633,12.208685280506533,13.626775187836195,15.0310171184471,16.42086915005755,17.751668169588264,19.001512143694477,20.152205451451113,21.190083121038057,22.187032985329857,23.065269229454742,23.823845173166774,24.465429288228037,24.995521091949232,25.45839316949719,25.827267520138875,26.111194325648835,26.31938433216084,26.460825711725075,26.480813289843265,26.494057684420827,26.464063065984384,26.397233605282917,26.299204105014393,26.17488264303959,26.02850894479592,25.863720351869176,25.683619709896067,25.490841427768657,25.28761340832863,25.075813595213024,24.857020604287353,24.63255838782038,24.403535180086475,24.170877146283797,23.935357242312925,23.697619820555264,23.458201507613527,23.21754884894589,22.976033172645497,22.733963077041288,22.491594898649694,22.24914147088341,22.006779441299432,21.764655376724146,21.522890851532363,21.28158668458237,21.040826464537776,20.800679481191114,20.56120316152785,20.322445093255027,20.084444704978246,19.84723466080252,19.610842017549853,19.37528918474661,19.14059472081616,18.90677399328804,18.67383972615088,18.441802453567195,18.210670895913754,17.98045227140425,17.751152554295523,17.522776688811206,17.295328766356427,17.0688121723083,16.843229707593302,16.618583689372432,16.39487603441744,16.172108328145793
PD22,pathway,japan,Transportation,Oil products,Gas/diesel oil excl. biofuels,NONBIODIES,Final consumption,CO2e,MARBUNK,Mt,0.0,0.0,0.0,0.0,0.0,0.0,0.0,0.0,0.0,0.0,0.0,0.0,0.0,0.0,0.0,0.0,0.0,0.0,0.0,0.0,0.0,0.0,0.0,0.0,0.0,0.0,0.0,0.0,0.0,0.0,0.0,0.0,0.002432345755435661,0.005431694119305802,0.009080301442893096,0.013463530686489728,0.01786896446197031,0.02272458897239399,0.028028139825828552,0.03376110360468548,0.03988600796685929,0.04637548106680628,0.05312933911832174,0.06005019543760855,0.06702527703949201,0.07393224535241176,0.08076843485275273,0.08731416351844253,0.09346170301079339,0.09912155552004459,0.10422650789346183,0.10913015089979022,0.11344988368742268,0.11718104987178729,0.12033677471962251,0.12294410840723571,0.12522081208832317,0.12703517426893587,0.12843170958532016,0.12945572243289225,0.13015142244404404,0.1302497342560651,0.13031487873842026,0.13016734584214185,0.12983863541313928,0.12935646304858706,0.12874496984377845,0.1280250095053387,0.12721447282724616,0.1263286216073615,0.12538041356923957,0.12438080697726223,0.12333903877052911,0.12226287360093108,0.12115882352039359,0.12003233954049052,0.11888797713954562,0.11772953821365414,0.1165601921037847,0.11538257828598485,0.11419889315908216,0.1130109631543468,0.11182030615757389,0.11062818299722747,0.10943564052542418,0.10824354760888291,0.10705262515787099,0.10586347115364515,0.10467658148843337,0.10349236730524332,0.1023111694160042,0.10113327028370206,0.09995890397540014,0.09878826442643347,0.0976215122999568,0.09645878067888689,0.09530017978774082,0.09414580090882492,0.0929957196295698,0.09184999853476561,0.09070868943822363,0.08957183523238631,0.08843947142108821,0.08731162738958119,0.08618832745674865,0.08506959174676229,0.08395543691109218,0.0828458767265027,0.08174092259028765,0.08064058393036772,0.07954486854484957
PD22,pathway,japan,Transportation,Oil products,Gas/diesel oil excl. biofuels,NONBIODIES,Final consumption,CO2e,MEDIUMROAD,Mt,0.0,0.0,0.0,0.0,0.0,0.0,0.0,0.0,0.0,0.0,0.0,0.0,0.0,0.0,0.0,0.0,0.0,0.0,0.0,0.0,0.0,0.0,0.0,0.0,0.0,0.0,0.0,0.0,0.0,0.0,0.0,0.0,0.020502295057181374,0.04578386738213447,0.0765380575414929,0.11348439177652225,0.15061788849175262,0.19154605266295022,0.23624979768147214,0.2845730735494634,0.3362000250836661,0.3908999344051196,0.44782835020992173,0.506164398030951,0.5649575119335077,0.623176497448056,0.6807988868183068,0.7359729755219019,0.787790719058644,0.8354977384515391,0.878527492580351,0.9198604056936098,0.9562715269259847,0.9877216075110609,1.0143212806064699,1.0362985527342143,1.0554889373755063,1.070782235494979,1.08255366192574,1.0911850883980454,1.0970491588609075,1.0978778312538673,1.0984269355066685,1.0971833775283746,1.0944126702024433,1.0903484288977783,1.0851941394295028,1.0791255781424518,1.0722935469265835,1.064826687806637,1.0568342217151192,1.048408516099861,1.039627429320607,1.0305564097963253,1.0212503477537473,1.0117551898874992,1.0021093344230434,0.9923448276249145,0.982488383936786,0.9725622515594335,0.9625849439861486,0.952571856245668,0.9425357826302362,0.9324873506902864,0.9224353843649841,0.912387207350723,0.902348896215761,0.8923254913570635,0.882321172660961,0.8723394056607705,0.8623830630676254,0.8524545257681532,0.8425557667186996,0.8326884206044051,0.8228538416584796,0.8130531516397121,0.8032872796329444,0.7935569950587135,0.7838629350451095,0.7742056271206836,0.7645855080251742,0.7550029392999072,0.7454582202074733,0.7359515984367964,0.7264832789722725,0.7170534314409798,0.7076621961985202,0.6983096893695401,0.6889960070220745,0.6797212286242722,0.6704854199065423
PD22,pathway,japan,Transportation,Oil products,Gas/diesel oil excl. biofuels,NONBIODIES,Final consumption,CO2e,TTROAD,Mt,0.0,0.0,0.0,0.0,0.0,0.0,0.0,0.0,0.0,0.0,0.0,0.0,0.0,0.0,0.0,0.0,0.0,0.0,0.0,0.0,0.0,0.0,0.0,0.0,0.0,0.0,0.0,0.0,0.0,0.0,0.0,0.0,0.004100459011436353,0.009156773476426794,0.015307611508298513,0.022696878355304484,0.030123577698350557,0.03830921053259001,0.047249959536294406,0.0569146147098927,0.06724000501673322,0.0781799868810239,0.08956567004198432,0.10123287960619021,0.11299150238670155,0.12463529948961116,0.1361597773636614,0.14719459510438035,0.15755814381172878,0.16709954769030783,0.1757054985160702,0.183972081138722,0.191254305385197,0.19754432150221218,0.202864256121294,0.20725971054684286,0.21109778747510125,0.21415644709899578,0.216510732385148,0.21823701767960912,0.21940983177218154,0.21957556625077349,0.21968538710133367,0.21943667550567497,0.21888253404048869,0.2180696857795557,0.21703882788590065,0.2158251156284904,0.21445870938531678,0.21296533756132743,0.21136684434302389,0.20968170321997226,0.20792548586412143,0.2061112819592651,0.20425006955074956,0.20235103797749993,0.20042186688460872,0.19846896552498297,0.19649767678735727,0.19451245031188677,0.19251698879722978,0.19051437124913365,0.18850715652604733,0.18649747013805731,0.1844870768729969,0.1824774414701447,0.18046977924315225,0.17846509827141274,0.17646423453219226,0.1744678811321542,0.17247661261352515,0.17049090515363072,0.16851115334374,0.1665376841208811,0.164570768331696,0.16261063032794254,0.160657455926589,0.1587113990117428,0.15677258700902202,0.15484112542413683,0.1529171016050349,0.15100058785998155,0.14909164404149475,0.14719031968735938,0.14529665579445458,0.14341068628819606,0.14153243923970413,0.13966193787390815,0.13779920140441504,0.13594424572485456,0.1340970839813086
PD22,pathway,japan,Transportation,Oil products,Kerosene type jet fuel excl. biofuels,NONBIOJETK,Final consumption,CO2e,AVBUNK,Mt,0.0,0.0,0.0,0.0,0.0,0.0,0.0,0.0,0.0,0.0,0.0,0.0,0.0,0.0,0.0,0.0,0.0,0.0,0.0,0.0,0.0,0.0,0.0,0.0,0.0,0.0,0.0,0.0,0.0,0.0,0.0,0.0,0.10875893499048939,0.24287059777156816,0.4060129659258678,0.6020029247084091,0.7989857280461585,1.0160981797965851,1.2532390308447612,1.5095804796433647,1.7834470028791962,2.0736147068013873,2.3756040136744865,2.6850604142810637,2.9969414224795496,3.305776840325664,3.6114474826628804,3.9041305754453073,4.1790091968361525,4.43208157757552,4.660342375642269,4.879601907207631,5.07275271086147,5.239586582886923,5.380690401209863,5.4972736765916315,5.599073294138042,5.680199958802995,5.742644080222467,5.788431381007988,5.819538632975208,5.82393450800593,5.8268473523273485,5.820250625427218,5.80555279881326,5.7839931366092525,5.756651074091917,5.724459055556266,5.688217042806608,5.648607445766642,5.6062096509033505,5.561513641666186,5.514932434854599,5.466813216006795,5.4174471624072655,5.367078008406724,5.31590944584041,5.264111471169281,5.211825797037443,5.159170443920899,5.106243620718103,5.053126993746161,4.9998884331432505,4.946584315088888,4.8932614481098,4.839958682364842,4.786708252347289,4.733536895951823,4.680466786305125,4.627516307091157,4.57470069723817,4.522032586683118,4.46952244140702,4.417178932956861,4.36500924516066,4.313019328634722,4.261214111913998,4.209597676559018,4.1581734023559145,4.1069440876959495,4.055912049361158,4.00507920522705,3.9544471427978785,3.9040171759940376,3.8537903922003545,3.803767691240988,3.753949817663109,3.704337387475454,3.654930910292048,3.605730807669173,3.556737428288248
PD22,pathway,japan,Transportation,Oil products,Kerosene type jet fuel excl. biofuels,NONBIOJETK,Final consumption,CO2e,LDOMESAIR,Mt,0.0,0.0,0.0,0.0,0.0,0.0,0.0,0.0,0.0,0.0,0.0,0.0,0.0,0.0,0.0,0.0,0.0,0.0,0.0,0.0,0.0,0.0,0.0,0.0,0.0,0.0,0.0,0.0,0.0,0.0,0.0,0.0,0.01121760637552316,0.025050142006518117,0.04187696059650947,0.06209174305433496,0.08240892941500655,0.10480232654761024,0.12926149142309928,0.1557010429928668,0.18394816454992557,0.21387662133164287,0.24502438104826463,0.27694231121827173,0.3091103200929251,0.3409642009030016,0.37249166066152206,0.4026795595030386,0.4310310708163718,0.4571334443997376,0.4806767034790901,0.5032915545660088,0.523213501086487,0.5404210685074955,0.5549747885505292,0.5669994124889324,0.5774992214371746,0.5858667821424177,0.592307389294467,0.5970299798315533,0.6002384418123825,0.6006918408436892,0.6009922772265364,0.6003118780874774,0.5987959158950793,0.5965722107418894,0.5937520976648238,0.5904317507673661,0.5866936796533201,0.5826082693987394,0.5782352790415962,0.5736252464201559,0.5688207708839169,0.563857661819089,0.5587659518125416,0.5535707800954264,0.5482931558365972,0.5429506127989989,0.5375577674981404,0.5321267927936052,0.5266678181406462,0.5211892667607635,0.515698138910945,0.5102002493391086,0.5047004259670048,0.4992026758749693,0.4937103237908258,0.48822612751261507,0.48275237401940047,0.47729095943981165,0.4718434555463079,0.46641116501495283,0.46099516732721973,0.4555963568831942,0.4502154746367573,0.4448531343459546,0.43950984434938967,0.4341860256270895,0.42888202677671616,0.42359813642974325,0.41833459354353947,0.41309159593148487,0.4078693073318307,0.4026678632648614,0.39748737588554583,0.3923279380034836,0.3871896264127064,0.3820725046495435,0.3769766252765691,0.371902031773911,0.36684876010524353
PD22,pathway,japan,Transportation,Oil products,Kerosene type jet fuel excl. biofuels,NONBIOJETK,Final consumption,CO2e,SDOMESAIR,Mt,0.0,0.0,0.0,0.0,0.0,0.0,0.0,0.0,0.0,0.0,0.0,0.0,0.0,0.0,0.0,0.0,0.0,0.0,0.0,0.0,0.0,0.0,0.0,0.0,0.0,0.0,0.0,0.0,0.0,0.0,0.0,0.0,0.05718243249961752,0.12769462632590933,0.21347036011391474,0.31651644630136655,0.4200845426277162,0.5342362499622078,0.658918334327506,0.7936955606221736,0.9376869851447429,1.0902491184954477,1.2490267229045688,1.4117303181614336,1.575708704863934,1.738085804603105,1.898798953128245,2.0526836081984143,2.19720716586882,2.3302656068181724,2.45027880553975,2.565559387909653,2.6671127250506275,2.7548293492211346,2.8290178245624515,2.890314078297239,2.943837494643156,2.986491645555249,3.0193230332327685,3.0433967264584023,3.0597520570436063,3.0620632862519743,3.063594779032829,3.0601264029337245,3.0523986932212557,3.041063220611093,3.026687522242636,3.0097618514726685,2.9907068060376543,2.9698811781545484,2.947589593163257,2.924089670775915,2.8995985637741115,2.8742988126875497,2.8483435104590527,2.8218608058522947,2.794957794386555,2.767723855487579,2.7402334977344225,2.7125487730210596,2.684721316863293,2.6567940671463295,2.6288027081070116,2.600776880777406,2.5727411957830237,2.544716079460208,2.5167184798117694,2.4887624548813787,2.46085966268426,2.4330197688517217,2.4052507855897147,2.3775593533689054,2.3499509749119243,2.3224302094777456,2.2950008341239574,2.2676659775196213,2.240428230951766,2.213289740391748,2.186252282837406,2.1593173296052757,2.132486098795115,2.1057595987726905,2.0791386642037217,2.052623985911122,2.026216135611684,1.9999155864080007,1.9737227297623314,1.9476378895549893,1.9216613337269,1.8957932839206677,1.8700339234633134
PD22,pathway,japan,Transportation,Oil products,Liquified petroleum gases (LPG),LPG,Final consumption,CO2e,HEAVYROAD,Mt,0.0,0.0,0.0,0.0,0.0,0.0,0.0,0.0,0.0,0.0,0.0,0.0,0.0,0.0,0.0,0.0,0.0,0.0,0.0,0.0,0.0,0.0,0.0,0.0,0.0,0.0,0.0,0.0,0.0,0.0,0.0,0.0,0.005091111240476565,0.011369008260371571,0.01900586075787869,0.02818034083407278,0.03740129692693167,0.047564541387266734,0.05866533464579865,0.0706649265091498,0.08348488410581179,0.0970679157821584,0.11120432815930983,0.1256902824370282,0.1402897349479352,0.1547466204202978,0.16905535968133212,0.18275613915009362,0.1956234740431027,0.2074700376596831,0.218155147024715,0.2284188983738033,0.23746047484451005,0.2452701302188965,0.25187533682193014,0.25733271302554594,0.26209805186609336,0.26589566972998874,0.26881873962294195,0.2709620875853014,0.27241824822317906,0.272624023397261,0.27276037646533613,0.2724515772804733,0.27176355776013283,0.27075432906000535,0.2694744205924207,0.2679674809792771,0.266270957208578,0.2644167935507733,0.2624321116483733,0.2603398481019192,0.25815933662840973,0.2559068293196499,0.25359595646676186,0.2512381275111191,0.2488428774651052,0.2464181640279503,0.2439706209059826,0.24150577275216115,0.2390282168202826,0.23654177598986534,0.23404962732790965,0.23155440985806233,0.22905831473286262,0.22656316056593026,0.22407045628516217,0.22158145351734343,0.21909719020804153,0.21661852691533431,0.2141461769882347,0.21168073164634224,0.20922268081238019,0.2067724304098741,0.20433031672078159,0.20189661829922387,0.19947156585470277,0.19705535044902553,0.1946481302932593,0.19225003638281363,0.18986117716850257,0.18748164242793913,0.1851115064737372,0.18275083081178495,0.18039966634362084,0.17805805519088663,0.17572603220655744,0.17340362622659986,0.17109086110654073,0.1687877565798384,0.1664943289686083
PD22,pathway,japan,Transportation,Oil products,Liquified petroleum gases (LPG),LPG,Final consumption,CO2e,LIGHTROAD,Mt,0.0,0.0,0.0,0.0,0.0,0.0,0.0,0.0,0.0,0.0,0.0,0.0,0.0,0.0,0.0,0.0,0.0,0.0,0.0,0.0,0.0,0.0,0.0,0.0,0.0,0.0,0.0,0.0,0.0,0.0,0.0,0.0,0.008364959340619538,0.0186798691580492,0.031227613179838798,0.046301758918108726,0.06145226715787411,0.07815100396872432,0.0963901819929609,0.1161061326567231,0.13716998669156555,0.1594876109445274,0.18271446833804855,0.20651564117037602,0.23050329747576281,0.2542567087559662,0.27776670814126225,0.3002777981130965,0.3214194954986129,0.3408840128304875,0.35844020069728383,0.3753040755297095,0.3901598537635955,0.4029915218582959,0.41384421826600515,0.4228109699030087,0.43064066832494363,0.43688035108224305,0.44168310624695917,0.44520473791263415,0.4475972852277301,0.4479353844919575,0.44815941964195566,0.4476520465943471,0.4465215949028886,0.4448633798996819,0.4427604240251491,0.4402844442248067,0.43749696783861725,0.43445048095672006,0.4311895458418775,0.42775184851623227,0.42416915527774113,0.42046816915462903,0.4166712854208648,0.41279725037930454,0.4088617305489328,0.40487780084156383,0.4008563607801291,0.39680648765545795,0.3927357349935432,0.38865038398334795,0.3845556547104345,0.38045588322727947,0.37635466971094306,0.3722550022377545,0.3681593600543672,0.36406979964838704,0.3599880264181171,0.35591545430503146,0.3518532553784891,0.3478024010429001,0.3437636962666626,0.33973780800314446,0.33572528878101154,0.3317265962791061,0.3277421095650837,0.32377214256338516,0.31981695522298453,0.3158767627761214,0.31195174341309817,0.30804204464318047,0.30414778856584057,0.30026907623843674,0.296405991294832,0.29255860294306435,0.28872696844837636,0.28491113518975386,0.28111114236306267,0.2773270223913965,0.2735588020928359
PD22,pathway,japan,Transportation,Oil products,Liquified petroleum gases (LPG),LPG,Final consumption,CO2e,MEDIUMROAD,Mt,0.0,0.0,0.0,0.0,0.0,0.0,0.0,0.0,0.0,0.0,0.0,0.0,0.0,0.0,0.0,0.0,0.0,0.0,0.0,0.0,0.0,0.0,0.0,0.0,0.0,0.0,0.0,0.0,0.0,0.0,0.0,0.0,0.0003468059428117509,0.0007744556035675434,0.0012946771633432323,0.0019196417461902447,0.002547772270226952,0.0032400913751544046,0.003996276202029886,0.004813687091903943,0.005686981206117971,0.006612255843471283,0.007575226713849446,0.008562008340397019,0.009556521454219025,0.010541322916914023,0.011516032675840062,0.012449328279979131,0.013325849730456592,0.014132836352839451,0.014860704838195852,0.015559870461430748,0.016175781665157363,0.01670777453807197,0.017157720491957094,0.017529476364138007,0.017854090726573117,0.018112784041552372,0.01831190324406962,0.018457907873658135,0.018557101377600756,0.018571118760031407,0.01858040711616732,0.018559371749351045,0.01851250393461396,0.01844375538555895,0.018356568160246643,0.018253915598043395,0.0181383485836906,0.018012043157409622,0.01787684684253224,0.017734322077787405,0.017585785873869865,0.017432345321502035,0.01727492891462955,0.017114313863155248,0.01695114969108345,0.016785978476018402,0.016619252105312156,0.01645134691772214,0.01628257607767592,0.016113199999309623,0.015943435104081034,0.015773461161993345,0.0156034274341187,0.015433457804218677,0.015263655060297148,0.015094104463034289,0.014924876717169038,0.01475603044382386,0.014587614236255767,0.014419668368279442,0.014252226213377392,0.014085315423015938,0.013918958904685388,0.013753175633462112,0.013587981325252227,0.013423388995165222,0.013259409420521747,0.01309605152471482,0.012933322695402079,0.012771229048224732,0.01260977564534994,0.012448966676552105,0.012288805609238474,0.012129295312730694,0.011970438161209634,0.011812236118978187,0.011654690811072253,0.011497803581732857,0.011341575542820727
PD22,pathway,japan,Transportation,Oil products,Liquified petroleum gases (LPG),LPG,Final consumption,CO2e,TTROAD,Mt,0.0,0.0,0.0,0.0,0.0,0.0,0.0,0.0,0.0,0.0,0.0,0.0,0.0,0.0,0.0,0.0,0.0,0.0,0.0,0.0,0.0,0.0,0.0,0.0,0.0,0.0,0.0,0.0,0.0,0.0,0.0,0.0,6.936118856235105e-05,0.00015489112071350938,0.0002589354326686475,0.00038392834923804773,0.0005095544540453896,0.000648018275030882,0.0007992552404059768,0.0009627374183807883,0.0011373962412235942,0.0013224511686942566,0.0015150453427698902,0.001712401668079404,0.0019113042908438052,0.0021082645833828046,0.002303206535168013,0.002489865655995827,0.0026651699460913192,0.0028265672705678913,0.002972140967639171,0.00311197409228615,0.0032351563330314734,0.0033415549076143947,0.00343154409839142,0.0035058952728276023,0.003570818145314624,0.0036225568083104744,0.0036623806488139243,0.003691581574731627,0.003711420275520152,0.003714223752006281,0.003716081423233463,0.0037118743498702083,0.0037025007869227913,0.0036887510771117897,0.0036713136320493285,0.003650783119608679,0.0036276697167381203,0.0036024086314819246,0.0035753693685064473,0.0035468644155574815,0.003517157174773973,0.0034864690643004064,0.0034549857829259097,0.003422862772631049,0.00339022993821669,0.0033571956952036805,0.003323850421062431,0.003290269383544428,0.003256515215535184,0.003222639999861924,0.003188687020816207,0.0031546922323986686,0.0031206854868237395,0.0030866915608437346,0.0030527310120594293,0.003018820892606857,0.002984975343433807,0.0029512060887647716,0.002917522847251153,0.0028839336736558876,0.0028504452426754774,0.002817063084603187,0.0027837917809370775,0.0027506351266924213,0.0027175962650504443,0.002684677799033043,0.002651881884104349,0.0026192103049429635,0.002586664539080415,0.0025542458096449454,0.0025219551290699875,0.00248979333531042,0.0024577611218476944,0.002425859062546138,0.002394087632241926,0.0023624472237956363,0.002330938162214449,0.0022995607163465697,0.002268315108564144
PD22,pathway,japan,Transportation,Oil products,Lubricants,LUBRIC,Final consumption,CO2e,MARBUNK,Mt,0.0,0.0,0.0,0.0,0.0,0.0,0.0,0.0,0.0,0.0,0.0,0.0,0.0,0.0,0.0,0.0,0.0,0.0,0.0,0.0,0.0,0.0,0.0,0.0,0.0,0.0,0.0,0.0,0.0,0.0,0.0,0.0,0.0,0.0,0.0,0.0,0.0,0.0,0.0,0.0,0.0,0.0,0.0,0.0,0.0,0.0,0.0,0.0,0.0,0.0,0.0,0.0,0.0,0.0,0.0,0.0,0.0,0.0,0.0,0.0,0.0,0.0,0.0,0.0,0.0,0.0,0.0,0.0,0.0,0.0,0.0,0.0,0.0,0.0,0.0,0.0,0.0,0.0,0.0,0.0,0.0,0.0,0.0,0.0,0.0,0.0,0.0,0.0,0.0,0.0,0.0,0.0,0.0,0.0,0.0,0.0,0.0,0.0,0.0,0.0,0.0,0.0,0.0,0.0,0.0,0.0,0.0,0.0,0.0,0.0,0.0
PD22,pathway,japan,Transportation,Oil products,Motor gasoline excl. biofuels,NONBIOGASO,Final consumption,CO2e,HEAVYROAD,Mt,0.0,0.0,0.0,0.0,0.0,0.0,0.0,0.0,0.0,0.0,0.0,0.0,0.0,0.0,0.0,0.0,0.0,0.0,0.0,0.0,0.0,0.0,0.0,0.0,0.0,0.0,0.0,0.0,0.0,0.0,0.0,0.0,0.47992609871729286,1.0717274722471046,1.7916341198309524,2.6564890056800294,3.5257250673290983,4.483788255062965,5.530231781748839,6.661402765284208,7.869907538499703,9.150345363027018,10.4829489777518,11.848503017787188,13.224756247388989,14.587570045129567,15.936418476590717,17.227956085816693,18.4409269961739,19.557672396374464,20.56493046042087,21.532468176746846,22.38479457797357,23.120990912942066,23.743646927804328,24.258099892377288,24.70731625611084,25.0653080264238,25.340858385420013,25.54290634257141,25.68017489967662,25.6995728015973,25.712426458278216,25.68331674507846,25.618458896046782,25.52332147517982,25.402667761570207,25.260612399709586,25.100685421846794,24.92589813305239,24.738807221535698,24.541574862251377,24.336023595492627,24.123685464588995,23.905845362392675,23.683578827902572,23.457784702467546,23.229213138140025,22.998489477531436,22.76613451561485,22.53258162380473,22.29819117522324,22.063262663890242,21.82804486384803,21.592744329469568,21.357532496832032,21.122551608727747,20.887919652828078,20.653734473619902,20.42007719372292,20.187015058732957,19.954603801416884,19.722889605542864,19.491910736488503,19.261698894698043,19.032280338759502,18.803676817070418,18.575906340541064,18.348983823326073,18.122921614029273,17.897729936032896,17.673417252444004,17.449990568523575,17.22745568227514,17.005817392057175,16.78507966856963,16.56524579731378,16.34631849658279,16.12830001517646,15.911192213317685,15.694996629650744
PD22,pathway,japan,Transportation,Oil products,Motor gasoline excl. biofuels,NONBIOGASO,Final consumption,CO2e,LIGHTROAD,Mt,0.0,0.0,0.0,0.0,0.0,0.0,0.0,0.0,0.0,0.0,0.0,0.0,0.0,0.0,0.0,0.0,0.0,0.0,0.0,0.0,0.0,0.0,0.0,0.0,0.0,0.0,0.0,0.0,0.0,0.0,0.0,0.0,0.7885434265027911,1.7609037214305232,2.943747613782193,4.364748965735842,5.792948816347256,7.367096233795543,9.086457123690863,10.945029611625003,12.930665519660273,15.034491155055285,17.22402788442598,19.46770386846233,21.728959174865288,23.968132798945856,26.184360603226718,28.306423759529885,30.299397762105905,32.134268269792386,33.789245415895884,35.37895997432794,36.77937637743342,37.98898506949338,39.01204113750957,39.85731399210765,40.59539973415487,41.18359874641294,41.63634225179365,41.96831750564185,42.19385685151226,42.22572860861899,42.246847831993904,42.19901906616433,42.09245426244198,41.936138554587004,41.73789825674888,41.5044939428471,41.24172563862022,40.954541074197806,40.64714102067038,40.32307804342666,39.985346670523306,39.63646412846639,39.278541562732386,38.913346139578366,38.54235470187449,38.16679978827913,37.787708869077555,37.405937637372645,37.0221981448345,36.63708250315973,36.25108279652813,35.8646077735705,35.477996813815146,35.09153159561233,34.705445831233895,34.31993338053227,33.935155007064886,33.55124399949573,33.16831084582012,32.78644711785938,32.40572869793558,32.02621845804517,31.647968483659213,31.271021918997246,30.895414497802374,30.52117581293262,30.148330369116156,29.776898455748395,29.406896870375597,29.038339518320825,28.671237909590527,28.30560157060468,27.94143838531467,27.578754877786093,27.217556446267622,26.857847557055663,26.49963190504472,26.1429125466773,25.787692010025623
PD22,pathway,japan,Transportation,Oil products,Motor gasoline excl. biofuels,NONBIOGASO,Final consumption,CO2e,MEDIUMROAD,Mt,0.0,0.0,0.0,0.0,0.0,0.0,0.0,0.0,0.0,0.0,0.0,0.0,0.0,0.0,0.0,0.0,0.0,0.0,0.0,0.0,0.0,0.0,0.0,0.0,0.0,0.0,0.0,0.0,0.0,0.0,0.0,0.0,0.032692513536599854,0.07300595859993875,0.12204592096941091,0.18095974153133687,0.24017200731124655,0.3054351672386213,0.3767187862226731,0.4537740303327118,0.5360972437670093,0.6233205288165544,0.7140973418087055,0.807118734181689,0.9008689541818113,0.9937036815483355,1.0855870896860162,1.173566490859448,1.256193937069067,1.332266512014609,1.4008808215545552,1.466789385336979,1.524849766891933,1.5749993809906042,1.6174146408586059,1.6524591207341481,1.683059690470766,1.707446050846308,1.7262165112683936,1.739979996087971,1.749330715236827,1.7506520982014506,1.7515276878936112,1.7495447374031647,1.7451266277961026,1.7386458770558464,1.7304269592350285,1.720750163467956,1.7098559551666757,1.6979494641043869,1.6852048516032494,1.671769404785517,1.657767274897318,1.6433028245632832,1.6284635805444603,1.6133228084402305,1.5979417372253102,1.5823714671757516,1.5666545965620875,1.550826601881121,1.5349170043463716,1.5189503525356434,1.502947047948927,1.486924037046869,1.4708953902908433,1.4548727858877417,1.4388659134010735,1.4228828101381534,1.4069301412547628,1.3910134328149137,1.3751372655812653,1.3593054360638213,1.3435210902958366,1.3277868349106623,1.3121048293391049,1.2964768623133185,1.2809044153317732,1.265388715295714,1.2499307781557276,1.234531445097363,1.2191914125363017,1.2039112569784751,1.1886914556214978,1.173532403424738,1.1584344272518516,1.143397797586488,1.1284227382366343,1.1135094343721252,1.0986580391809586,1.0838686793813146,1.0691414597854738
PD22,pathway,japan,Transportation,Oil products,Motor gasoline excl. biofuels,NONBIOGASO,Final consumption,CO2e,TTROAD,Mt,0.0,0.0,0.0,0.0,0.0,0.0,0.0,0.0,0.0,0.0,0.0,0.0,0.0,0.0,0.0,0.0,0.0,0.0,0.0,0.0,0.0,0.0,0.0,0.0,0.0,0.0,0.0,0.0,0.0,0.0,0.0,0.0,0.006538502707319982,0.014601191719987694,0.02440918419388216,0.036191948306267374,0.048034401462249354,0.061087033447724204,0.07534375724453457,0.09075480606654229,0.107219448753402,0.12466410576331088,0.1428194683617412,0.1614237468363378,0.18017379083636237,0.1987407363096672,0.21711741793720338,0.23471329817188977,0.2512387874138136,0.2664533024029221,0.2801761643109113,0.293357877067396,0.30496995337838684,0.31499987619812114,0.3234829281717214,0.33049182414682987,0.3366119380941533,0.34148921016926176,0.34524330225367883,0.34799599921759433,0.3498661430473656,0.35013041964029035,0.3503055375787224,0.3499089474806331,0.34902532555922067,0.34772917541116943,0.3460853918470058,0.34415003269359135,0.3419711910333353,0.3395898928208775,0.33704097032065,0.33435388095710344,0.3315534549794637,0.32866056491265677,0.32569271610889217,0.3226645616880462,0.31958834744506215,0.31647429343515043,0.3133309193124176,0.3101653203762243,0.30698340086927445,0.3037900705071288,0.3005894095897855,0.297384807409374,0.29417907805816873,0.29097455717754844,0.28777318268021485,0.2845765620276308,0.28138602825095266,0.27820268656298286,0.2750274531162531,0.27186108721276436,0.26870421805916744,0.26555736698213256,0.2624209658678211,0.2592953724626638,0.2561808830663548,0.25307774305914293,0.24998615563114573,0.24690628901947279,0.2438382825072605,0.2407822513956952,0.23773829112429976,0.23470648068494776,0.23168688545037056,0.22867955951729776,0.22568454764732707,0.22270188687442527,0.2197316078361919,0.21677373587626309,0.21382829195709493
PD22,pathway,japan,Transportation,Oil products,Other kerosene,OTHKERO,Final consumption,CO2e,MARBUNK,Mt,0.0,0.0,0.0,0.0,0.0,0.0,0.0,0.0,0.0,0.0,0.0,0.0,0.0,0.0,0.0,0.0,0.0,0.0,0.0,0.0,0.0,0.0,0.0,0.0,0.0,0.0,0.0,0.0,0.0,0.0,0.0,0.0,0.002815631594782625,0.006287613321969171,0.010511163380298644,0.015585096112874036,0.020684732338211498,0.026305499761345053,0.032444777170445194,0.0390811338279726,0.0461711925495254,0.05368326827020353,0.06150139037477165,0.069512826114114,0.07758703188463882,0.0855823911638693,0.09349581839849107,0.10107301436284087,0.1081892750285606,0.11474099963894727,0.12065038368121708,0.12632673629157204,0.1313271668803137,0.1356462853159244,0.1392992851273817,0.14231747902213493,0.14495294266956346,0.14705320965204138,0.14866980916354344,0.14985518460642358,0.1506605121086967,0.150774315766523,0.15084972563057503,0.15067894469488655,0.15029843650958194,0.14974028405912113,0.1490324325607861,0.14819902182081574,0.14726076184093115,0.1462353193529912,0.14513769394155596,0.14398057065987008,0.1427746419917263,0.1415288961326298,0.14025087129506844,0.1389468774538378,0.13762218793353373,0.13628120372802885,0.13492759359886575,0.13356441294724988,0.13219420427764217,0.13081908182794583,0.12944080267039965,0.12806082631315588,0.12668036456990833,0.12530042322224863,0.12392183678053427,0.12254529745512048,0.12117137928027913,0.11980055818639135,0.1184332286900811,0.1170697177644796,0.11571029636062952,0.11435518897394047,0.11300458158465541,0.11165862824672178,0.11031745655369089,0.1089811721720146,0.10764986260009121,0.10632360028473962,0.1050024452045233,0.10368644701081925,0.10237564680210946,0.1010700785941351,0.09976977053791719,0.0984747459287678,0.09718502404207383,0.09590062082552396,0.09462154947238254,0.09334782089620962,0.09207944412392721
PD22,pathway,japan,Transportation,Oil products,Other oil products,ONONSPEC,Final consumption,CO2e,MARBUNK,Mt,0.0,0.0,0.0,0.0,0.0,0.0,0.0,0.0,0.0,0.0,0.0,0.0,0.0,0.0,0.0,0.0,0.0,0.0,0.0,0.0,0.0,0.0,0.0,0.0,0.0,0.0,0.0,0.0,0.0,0.0,0.0,0.0,0.0007506223687303235,0.0016762218516592556,0.0028021827746397138,0.004154848163663405,0.005514365875504315,0.0070128125348800155,0.008649489350004015,0.01041868307664176,0.012308829742800322,0.014311482391671564,0.016395724287531818,0.01853150188099935,0.020684013407122954,0.022815505159150012,0.024925154555979375,0.02694516768327674,0.028842299554968687,0.03058893112972089,0.03216432041565061,0.03367758559211349,0.035010655962593756,0.036162094565915445,0.03713595186192267,0.037940575540235236,0.038643166734836525,0.039203079253319034,0.03963405032100435,0.03995006088304599,0.04016475404051731,0.040195093084647256,0.04021519668445245,0.04016966800423803,0.04006822790252023,0.03991942941792662,0.039730722497115636,0.03950854259796937,0.03925841082295631,0.03898503696583648,0.03869241978259531,0.038383940995732176,0.03806245112643279,0.037730346347766536,0.03738963628021221,0.03704200310699167,0.03668885264959326,0.036331358173884436,0.03597049773909867,0.03560708588805279,0.03524180042984809,0.03487520500152644,0.03450776802293663,0.03413987858598559,0.03377185974943815,0.0334039796457312,0.03303646074791209,0.03266948759311187,0.03230321321376762,0.03193776448869072,0.031573246592508195,0.03120974669335192,0.03084733702436275,0.0304860774340224,0.03012601750301141,0.029767198300743498,0.029409653842525894,0.029053412298095927,0.028698496993749215,0.028344927243164057,0.027992719036092625,0.027641885609150905,0.02729243791882908,0.02694438503342154,0.026597734457740392,0.026252492402108894,0.02590866400517391,0.0255662535184476,0.025225264459137007,0.02488569973670029,0.024547561757634652
